Time	State	HighestNumUnavailable	HighestNumAvailable	WaitingForConnectionTotal	WaitingForConnectionSuccessTotal	WaitingForConnectionFailureTotal	WaitingForConnectionHighCount	WaitSecondsHighCount	CurrCapacityHighCount	ConnectionsTotalCount	LeakedConnectionCount	ReserveRequestCount	ActiveConnectionsHighCount	FailuresToReconnectCount	ActiveConnectionsCurrentCount	ActiveConnectionsAverageCount	WaitingForConnectionCurrentCount	NumUnavailable	NumAvailable	CurrCapacity
2009-03-02 00:00:00	Running	0	10	0	0	0	0	0	0	10	0	73764	3	0	0	0	0	0	10	10
2009-03-02 00:01:00	Running	0	10	0	0	0	0	0	0	10	0	73764	3	0	0	0	0	0	10	10
2009-03-02 00:02:00	Running	0	10	0	0	0	0	0	0	10	0	73765	3	0	0	0	0	0	10	10
2009-03-02 00:03:00	Running	0	10	0	0	0	0	0	0	10	0	73765	3	0	0	0	0	0	10	10
2009-03-02 00:04:01	Running	0	10	0	0	0	0	0	0	10	0	73766	3	0	0	0	0	0	10	10
2009-03-02 00:05:01	Running	0	10	0	0	0	0	0	0	10	0	73766	3	0	0	0	0	0	10	10
2009-03-02 00:06:01	Running	0	10	0	0	0	0	0	0	10	0	73767	3	0	0	0	0	0	10	10
2009-03-02 00:07:01	Running	0	10	0	0	0	0	0	0	10	0	73767	3	0	0	0	0	0	10	10
2009-03-02 00:08:01	Running	0	10	0	0	0	0	0	0	10	0	73768	3	0	0	0	0	0	10	10
2009-03-02 00:09:02	Running	0	10	0	0	0	0	0	0	10	0	73768	3	0	0	0	0	0	10	10
2009-03-02 00:10:02	Running	0	10	0	0	0	0	0	0	10	0	73769	3	0	0	0	0	0	10	10
2009-03-02 00:11:02	Running	0	10	0	0	0	0	0	0	10	0	73769	3	0	0	0	0	0	10	10
2009-03-02 00:12:02	Running	0	10	0	0	0	0	0	0	10	0	73770	3	0	0	0	0	0	10	10
2009-03-02 00:13:02	Running	0	10	0	0	0	0	0	0	10	0	73770	3	0	0	0	0	0	10	10
2009-03-02 00:14:00	Running	0	10	0	0	0	0	0	0	10	0	73771	3	0	0	0	0	0	10	10
2009-03-02 00:15:00	Running	0	10	0	0	0	0	0	0	10	0	73771	3	0	0	0	0	0	10	10
2009-03-02 00:16:00	Running	0	10	0	0	0	0	0	0	10	0	73772	3	0	0	0	0	0	10	10
2009-03-02 00:17:00	Running	0	10	0	0	0	0	0	0	10	0	73772	3	0	0	0	0	0	10	10
2009-03-02 00:18:00	Running	0	10	0	0	0	0	0	0	10	0	73773	3	0	0	0	0	0	10	10
2009-03-02 00:19:01	Running	0	10	0	0	0	0	0	0	10	0	73773	3	0	0	0	0	0	10	10
2009-03-02 00:20:01	Running	0	10	0	0	0	0	0	0	10	0	73774	3	0	0	0	0	0	10	10
2009-03-02 00:21:01	Running	0	10	0	0	0	0	0	0	10	0	73774	3	0	0	0	0	0	10	10
2009-03-02 00:22:01	Running	0	10	0	0	0	0	0	0	10	0	73775	3	0	0	0	0	0	10	10
2009-03-02 00:23:01	Running	0	10	0	0	0	0	0	0	10	0	73775	3	0	0	0	0	0	10	10
2009-03-02 00:24:02	Running	0	10	0	0	0	0	0	0	10	0	73776	3	0	0	0	0	0	10	10
2009-03-02 00:25:02	Running	0	10	0	0	0	0	0	0	10	0	73776	3	0	0	0	0	0	10	10
2009-03-02 00:26:02	Running	0	10	0	0	0	0	0	0	10	0	73777	3	0	0	0	0	0	10	10
2009-03-02 00:27:02	Running	0	10	0	0	0	0	0	0	10	0	73777	3	0	0	0	0	0	10	10
2009-03-02 00:28:02	Running	0	10	0	0	0	0	0	0	10	0	73778	3	0	0	0	0	0	10	10
2009-03-02 00:29:00	Running	0	10	0	0	0	0	0	0	10	0	73778	3	0	0	0	0	0	10	10
2009-03-02 00:30:00	Running	0	10	0	0	0	0	0	0	10	0	73779	3	0	0	0	0	0	10	10
2009-03-02 00:31:00	Running	0	10	0	0	0	0	0	0	10	0	73779	3	0	0	0	0	0	10	10
2009-03-02 00:32:00	Running	0	10	0	0	0	0	0	0	10	0	73780	3	0	0	0	0	0	10	10
2009-03-02 00:33:00	Running	0	10	0	0	0	0	0	0	10	0	73780	3	0	0	0	0	0	10	10
2009-03-02 00:34:01	Running	0	10	0	0	0	0	0	0	10	0	73781	3	0	0	0	0	0	10	10
2009-03-02 00:35:01	Running	0	10	0	0	0	0	0	0	10	0	73781	3	0	0	0	0	0	10	10
2009-03-02 00:36:01	Running	0	10	0	0	0	0	0	0	10	0	73782	3	0	0	0	0	0	10	10
2009-03-02 00:37:01	Running	0	10	0	0	0	0	0	0	10	0	73782	3	0	0	0	0	0	10	10
2009-03-02 00:38:01	Running	0	10	0	0	0	0	0	0	10	0	73783	3	0	0	0	0	0	10	10
2009-03-02 00:39:02	Running	0	10	0	0	0	0	0	0	10	0	73783	3	0	0	0	0	0	10	10
2009-03-02 00:40:02	Running	0	10	0	0	0	0	0	0	10	0	73784	3	0	0	0	0	0	10	10
2009-03-02 00:41:02	Running	0	10	0	0	0	0	0	0	10	0	73784	3	0	0	0	0	0	10	10
2009-03-02 00:42:02	Running	0	10	0	0	0	0	0	0	10	0	73785	3	0	0	0	0	0	10	10
2009-03-02 00:43:02	Running	0	10	0	0	0	0	0	0	10	0	73785	3	0	0	0	0	0	10	10
2009-03-02 00:44:00	Running	0	10	0	0	0	0	0	0	10	0	73786	3	0	0	0	0	0	10	10
2009-03-02 00:45:00	Running	0	10	0	0	0	0	0	0	10	0	73786	3	0	0	0	0	0	10	10
2009-03-02 00:46:00	Running	0	10	0	0	0	0	0	0	10	0	73787	3	0	0	0	0	0	10	10
2009-03-02 00:47:00	Running	0	10	0	0	0	0	0	0	10	0	73787	3	0	0	0	0	0	10	10
2009-03-02 00:48:00	Running	0	10	0	0	0	0	0	0	10	0	73788	3	0	0	0	0	0	10	10
2009-03-02 00:49:01	Running	0	10	0	0	0	0	0	0	10	0	73788	3	0	0	0	0	0	10	10
2009-03-02 00:50:01	Running	0	10	0	0	0	0	0	0	10	0	73789	3	0	0	0	0	0	10	10
2009-03-02 00:51:01	Running	0	10	0	0	0	0	0	0	10	0	73789	3	0	0	0	0	0	10	10
2009-03-02 00:52:01	Running	0	10	0	0	0	0	0	0	10	0	73790	3	0	0	0	0	0	10	10
2009-03-02 00:53:01	Running	0	10	0	0	0	0	0	0	10	0	73790	3	0	0	0	0	0	10	10
2009-03-02 00:54:02	Running	0	10	0	0	0	0	0	0	10	0	73791	3	0	0	0	0	0	10	10
2009-03-02 00:55:02	Running	0	10	0	0	0	0	0	0	10	0	73791	3	0	0	0	0	0	10	10
2009-03-02 00:56:02	Running	0	10	0	0	0	0	0	0	10	0	73792	3	0	0	0	0	0	10	10
2009-03-02 00:57:02	Running	0	10	0	0	0	0	0	0	10	0	73792	3	0	0	0	0	0	10	10
2009-03-02 00:58:02	Running	0	10	0	0	0	0	0	0	10	0	73793	3	0	0	0	0	0	10	10
2009-03-02 00:59:03	Running	0	10	0	0	0	0	0	0	10	0	73793	3	0	0	0	0	0	10	10
2009-03-02 01:00:00	Running	0	10	0	0	0	0	0	0	10	0	73794	3	0	0	0	0	0	10	10
2009-03-02 01:01:00	Running	0	10	0	0	0	0	0	0	10	0	73794	3	0	0	0	0	0	10	10
2009-03-02 01:02:00	Running	0	10	0	0	0	0	0	0	10	0	73795	3	0	0	0	0	0	10	10
2009-03-02 01:03:00	Running	0	10	0	0	0	0	0	0	10	0	73795	3	0	0	0	0	0	10	10
2009-03-02 01:04:00	Running	0	10	0	0	0	0	0	0	10	0	73796	3	0	0	0	0	0	10	10
2009-03-02 01:05:01	Running	0	10	0	0	0	0	0	0	10	0	73796	3	0	0	0	0	0	10	10
2009-03-02 01:06:01	Running	0	10	0	0	0	0	0	0	10	0	73797	3	0	0	0	0	0	10	10
2009-03-02 01:07:01	Running	0	10	0	0	0	0	0	0	10	0	73797	3	0	0	0	0	0	10	10
2009-03-02 01:08:01	Running	0	10	0	0	0	0	0	0	10	0	73798	3	0	0	0	0	0	10	10
2009-03-02 01:09:01	Running	0	10	0	0	0	0	0	0	10	0	73798	3	0	0	0	0	0	10	10
2009-03-02 01:10:02	Running	0	10	0	0	0	0	0	0	10	0	73799	3	0	0	0	0	0	10	10
2009-03-02 01:11:02	Running	0	10	0	0	0	0	0	0	10	0	73799	3	0	0	0	0	0	10	10
2009-03-02 01:12:02	Running	0	10	0	0	0	0	0	0	10	0	73800	3	0	0	0	0	0	10	10
2009-03-02 01:13:02	Running	0	10	0	0	0	0	0	0	10	0	73800	3	0	0	0	0	0	10	10
2009-03-02 01:14:02	Running	0	10	0	0	0	0	0	0	10	0	73801	3	0	0	0	0	0	10	10
2009-03-02 01:15:00	Running	0	10	0	0	0	0	0	0	10	0	73801	3	0	0	0	0	0	10	10
2009-03-02 01:16:00	Running	0	10	0	0	0	0	0	0	10	0	73802	3	0	0	0	0	0	10	10
2009-03-02 01:17:00	Running	0	10	0	0	0	0	0	0	10	0	73802	3	0	0	0	0	0	10	10
2009-03-02 01:18:00	Running	0	10	0	0	0	0	0	0	10	0	73803	3	0	0	0	0	0	10	10
2009-03-02 01:19:00	Running	0	10	0	0	0	0	0	0	10	0	73803	3	0	0	0	0	0	10	10
2009-03-02 01:20:01	Running	0	10	0	0	0	0	0	0	10	0	73804	3	0	0	0	0	0	10	10
2009-03-02 01:21:01	Running	0	10	0	0	0	0	0	0	10	0	73804	3	0	0	0	0	0	10	10
2009-03-02 01:22:01	Running	0	10	0	0	0	0	0	0	10	0	73805	3	0	0	0	0	0	10	10
2009-03-02 01:23:01	Running	0	10	0	0	0	0	0	0	10	0	73805	3	0	0	0	0	0	10	10
2009-03-02 01:24:01	Running	0	10	0	0	0	0	0	0	10	0	73806	3	0	0	0	0	0	10	10
2009-03-02 01:25:02	Running	0	10	0	0	0	0	0	0	10	0	73806	3	0	0	0	0	0	10	10
2009-03-02 01:26:02	Running	0	10	0	0	0	0	0	0	10	0	73807	3	0	0	0	0	0	10	10
2009-03-02 01:27:02	Running	0	10	0	0	0	0	0	0	10	0	73807	3	0	0	0	0	0	10	10
2009-03-02 01:28:02	Running	0	10	0	0	0	0	0	0	10	0	73808	3	0	0	0	0	0	10	10
2009-03-02 01:29:02	Running	0	10	0	0	0	0	0	0	10	0	73808	3	0	0	0	0	0	10	10
2009-03-02 01:30:00	Running	0	10	0	0	0	0	0	0	10	0	73809	3	0	0	0	0	0	10	10
2009-03-02 01:31:00	Running	0	10	0	0	0	0	0	0	10	0	73809	3	0	0	0	0	0	10	10
2009-03-02 01:32:00	Running	0	10	0	0	0	0	0	0	10	0	73810	3	0	0	0	0	0	10	10
2009-03-02 01:33:00	Running	0	10	0	0	0	0	0	0	10	0	73810	3	0	0	0	0	0	10	10
2009-03-02 01:34:00	Running	0	10	0	0	0	0	0	0	10	0	73811	3	0	0	0	0	0	10	10
2009-03-02 01:35:01	Running	0	10	0	0	0	0	0	0	10	0	73811	3	0	0	0	0	0	10	10
2009-03-02 01:36:01	Running	0	10	0	0	0	0	0	0	10	0	73812	3	0	0	0	0	0	10	10
2009-03-02 01:37:01	Running	0	10	0	0	0	0	0	0	10	0	73812	3	0	0	0	0	0	10	10
2009-03-02 01:38:01	Running	0	10	0	0	0	0	0	0	10	0	73813	3	0	0	0	0	0	10	10
2009-03-02 01:39:01	Running	0	10	0	0	0	0	0	0	10	0	73813	3	0	0	0	0	0	10	10
2009-03-02 01:40:02	Running	0	10	0	0	0	0	0	0	10	0	73814	3	0	0	0	0	0	10	10
2009-03-02 01:41:02	Running	0	10	0	0	0	0	0	0	10	0	73814	3	0	0	0	0	0	10	10
2009-03-02 01:42:02	Running	0	10	0	0	0	0	0	0	10	0	73815	3	0	0	0	0	0	10	10
2009-03-02 01:43:02	Running	0	10	0	0	0	0	0	0	10	0	73815	3	0	0	0	0	0	10	10
2009-03-02 01:44:02	Running	0	10	0	0	0	0	0	0	10	0	73816	3	0	0	0	0	0	10	10
2009-03-02 01:45:00	Running	0	10	0	0	0	0	0	0	10	0	73816	3	0	0	0	0	0	10	10
2009-03-02 01:46:00	Running	0	10	0	0	0	0	0	0	10	0	73817	3	0	0	0	0	0	10	10
2009-03-02 01:47:00	Running	0	10	0	0	0	0	0	0	10	0	73817	3	0	0	0	0	0	10	10
2009-03-02 01:48:00	Running	0	10	0	0	0	0	0	0	10	0	73818	3	0	0	0	0	0	10	10
2009-03-02 01:49:00	Running	0	10	0	0	0	0	0	0	10	0	73818	3	0	0	0	0	0	10	10
2009-03-02 01:50:01	Running	0	10	0	0	0	0	0	0	10	0	73819	3	0	0	0	0	0	10	10
2009-03-02 01:51:01	Running	0	10	0	0	0	0	0	0	10	0	73819	3	0	0	0	0	0	10	10
2009-03-02 01:52:01	Running	0	10	0	0	0	0	0	0	10	0	73820	3	0	0	0	0	0	10	10
2009-03-02 01:53:01	Running	0	10	0	0	0	0	0	0	10	0	73820	3	0	0	0	0	0	10	10
2009-03-02 01:54:01	Running	0	10	0	0	0	0	0	0	10	0	73821	3	0	0	0	0	0	10	10
2009-03-02 01:55:02	Running	0	10	0	0	0	0	0	0	10	0	73821	3	0	0	0	0	0	10	10
2009-03-02 01:56:02	Running	0	10	0	0	0	0	0	0	10	0	73822	3	0	0	0	0	0	10	10
2009-03-02 01:57:02	Running	0	10	0	0	0	0	0	0	10	0	73822	3	0	0	0	0	0	10	10
2009-03-02 01:58:02	Running	0	10	0	0	0	0	0	0	10	0	73823	3	0	0	0	0	0	10	10
2009-03-02 01:59:02	Running	0	10	0	0	0	0	0	0	10	0	73823	3	0	0	0	0	0	10	10
2009-03-02 02:00:00	Running	0	10	0	0	0	0	0	0	10	0	73824	3	0	0	0	0	0	10	10
2009-03-02 02:01:00	Running	0	10	0	0	0	0	0	0	10	0	73824	3	0	0	0	0	0	10	10
2009-03-02 02:02:00	Running	0	10	0	0	0	0	0	0	10	0	73825	3	0	0	0	0	0	10	10
2009-03-02 02:03:00	Running	0	10	0	0	0	0	0	0	10	0	73825	3	0	0	0	0	0	10	10
2009-03-02 02:04:00	Running	0	10	0	0	0	0	0	0	10	0	73826	3	0	0	0	0	0	10	10
2009-03-02 02:05:01	Running	0	10	0	0	0	0	0	0	10	0	73826	3	0	0	0	0	0	10	10
2009-03-02 02:06:01	Running	0	10	0	0	0	0	0	0	10	0	73827	3	0	0	0	0	0	10	10
2009-03-02 02:07:01	Running	0	10	0	0	0	0	0	0	10	0	73827	3	0	0	0	0	0	10	10
2009-03-02 02:08:01	Running	0	10	0	0	0	0	0	0	10	0	73828	3	0	0	0	0	0	10	10
2009-03-02 02:09:01	Running	0	10	0	0	0	0	0	0	10	0	73828	3	0	0	0	0	0	10	10
2009-03-02 02:10:02	Running	0	10	0	0	0	0	0	0	10	0	73829	3	0	0	0	0	0	10	10
2009-03-02 02:11:02	Running	0	10	0	0	0	0	0	0	10	0	73829	3	0	0	0	0	0	10	10
2009-03-02 02:12:02	Running	0	10	0	0	0	0	0	0	10	0	73830	3	0	0	0	0	0	10	10
2009-03-02 02:13:02	Running	0	10	0	0	0	0	0	0	10	0	73830	3	0	0	0	0	0	10	10
2009-03-02 02:14:02	Running	0	10	0	0	0	0	0	0	10	0	73831	3	0	0	0	0	0	10	10
2009-03-02 02:15:00	Running	0	10	0	0	0	0	0	0	10	0	73831	3	0	0	0	0	0	10	10
2009-03-02 02:16:00	Running	0	10	0	0	0	0	0	0	10	0	73832	3	0	0	0	0	0	10	10
2009-03-02 02:17:00	Running	0	10	0	0	0	0	0	0	10	0	73832	3	0	0	0	0	0	10	10
2009-03-02 02:18:00	Running	0	10	0	0	0	0	0	0	10	0	73833	3	0	0	0	0	0	10	10
2009-03-02 02:19:00	Running	0	10	0	0	0	0	0	0	10	0	73833	3	0	0	0	0	0	10	10
2009-03-02 02:20:01	Running	0	10	0	0	0	0	0	0	10	0	73834	3	0	0	0	0	0	10	10
2009-03-02 02:21:01	Running	0	10	0	0	0	0	0	0	10	0	73834	3	0	0	0	0	0	10	10
2009-03-02 02:22:01	Running	0	10	0	0	0	0	0	0	10	0	73835	3	0	0	0	0	0	10	10
2009-03-02 02:23:01	Running	0	10	0	0	0	0	0	0	10	0	73835	3	0	0	0	0	0	10	10
2009-03-02 02:24:01	Running	0	10	0	0	0	0	0	0	10	0	73836	3	0	0	0	0	0	10	10
2009-03-02 02:25:02	Running	0	10	0	0	0	0	0	0	10	0	73836	3	0	0	0	0	0	10	10
2009-03-02 02:26:02	Running	0	10	0	0	0	0	0	0	10	0	73837	3	0	0	0	0	0	10	10
2009-03-02 02:27:02	Running	0	10	0	0	0	0	0	0	10	0	73837	3	0	0	0	0	0	10	10
2009-03-02 02:28:02	Running	0	10	0	0	0	0	0	0	10	0	73838	3	0	0	0	0	0	10	10
2009-03-02 02:29:02	Running	0	10	0	0	0	0	0	0	10	0	73838	3	0	0	0	0	0	10	10
2009-03-02 02:30:00	Running	0	10	0	0	0	0	0	0	10	0	73839	3	0	0	0	0	0	10	10
2009-03-02 02:31:00	Running	0	10	0	0	0	0	0	0	10	0	73839	3	0	0	0	0	0	10	10
2009-03-02 02:32:00	Running	0	10	0	0	0	0	0	0	10	0	73840	3	0	0	0	0	0	10	10
2009-03-02 02:33:00	Running	0	10	0	0	0	0	0	0	10	0	73840	3	0	0	0	0	0	10	10
2009-03-02 02:34:00	Running	0	10	0	0	0	0	0	0	10	0	73841	3	0	0	0	0	0	10	10
2009-03-02 02:35:01	Running	0	10	0	0	0	0	0	0	10	0	73841	3	0	0	0	0	0	10	10
2009-03-02 02:36:01	Running	0	10	0	0	0	0	0	0	10	0	73842	3	0	0	0	0	0	10	10
2009-03-02 02:37:01	Running	0	10	0	0	0	0	0	0	10	0	73842	3	0	0	0	0	0	10	10
2009-03-02 02:38:01	Running	0	10	0	0	0	0	0	0	10	0	73843	3	0	0	0	0	0	10	10
2009-03-02 02:39:01	Running	0	10	0	0	0	0	0	0	10	0	73843	3	0	0	0	0	0	10	10
2009-03-02 02:40:02	Running	0	10	0	0	0	0	0	0	10	0	73844	3	0	0	0	0	0	10	10
2009-03-02 02:41:02	Running	0	10	0	0	0	0	0	0	10	0	73844	3	0	0	0	0	0	10	10
2009-03-02 02:42:02	Running	0	10	0	0	0	0	0	0	10	0	73845	3	0	0	0	0	0	10	10
2009-03-02 02:43:02	Running	0	10	0	0	0	0	0	0	10	0	73845	3	0	0	0	0	0	10	10
2009-03-02 02:44:02	Running	0	10	0	0	0	0	0	0	10	0	73846	3	0	0	0	0	0	10	10
2009-03-02 02:45:00	Running	0	10	0	0	0	0	0	0	10	0	73846	3	0	0	0	0	0	10	10
2009-03-02 02:46:00	Running	0	10	0	0	0	0	0	0	10	0	73847	3	0	0	0	0	0	10	10
2009-03-02 02:47:00	Running	0	10	0	0	0	0	0	0	10	0	73847	3	0	0	0	0	0	10	10
2009-03-02 02:48:00	Running	0	10	0	0	0	0	0	0	10	0	73848	3	0	0	0	0	0	10	10
2009-03-02 02:49:00	Running	0	10	0	0	0	0	0	0	10	0	73848	3	0	0	0	0	0	10	10
2009-03-02 02:50:01	Running	0	10	0	0	0	0	0	0	10	0	73849	3	0	0	0	0	0	10	10
2009-03-02 02:51:01	Running	0	10	0	0	0	0	0	0	10	0	73849	3	0	0	0	0	0	10	10
2009-03-02 02:52:01	Running	0	10	0	0	0	0	0	0	10	0	73850	3	0	0	0	0	0	10	10
2009-03-02 02:53:01	Running	0	10	0	0	0	0	0	0	10	0	73850	3	0	0	0	0	0	10	10
2009-03-02 02:54:01	Running	0	10	0	0	0	0	0	0	10	0	73851	3	0	0	0	0	0	10	10
2009-03-02 02:55:02	Running	0	10	0	0	0	0	0	0	10	0	73851	3	0	0	0	0	0	10	10
2009-03-02 02:56:02	Running	0	10	0	0	0	0	0	0	10	0	73852	3	0	0	0	0	0	10	10
2009-03-02 02:57:02	Running	0	10	0	0	0	0	0	0	10	0	73852	3	0	0	0	0	0	10	10
2009-03-02 02:58:02	Running	0	10	0	0	0	0	0	0	10	0	73853	3	0	0	0	0	0	10	10
2009-03-02 02:59:02	Running	0	10	0	0	0	0	0	0	10	0	73853	3	0	0	0	0	0	10	10
2009-03-02 03:00:00	Running	0	10	0	0	0	0	0	0	10	0	73854	3	0	0	0	0	0	10	10
2009-03-02 03:01:00	Running	0	10	0	0	0	0	0	0	10	0	73854	3	0	0	0	0	0	10	10
2009-03-02 03:02:00	Running	0	10	0	0	0	0	0	0	10	0	73855	3	0	0	0	0	0	10	10
2009-03-02 03:03:00	Running	0	10	0	0	0	0	0	0	10	0	73855	3	0	0	0	0	0	10	10
2009-03-02 03:04:00	Running	0	10	0	0	0	0	0	0	10	0	73856	3	0	0	0	0	0	10	10
2009-03-02 03:05:01	Running	0	10	0	0	0	0	0	0	10	0	73856	3	0	0	0	0	0	10	10
2009-03-02 03:06:01	Running	0	10	0	0	0	0	0	0	10	0	73857	3	0	0	0	0	0	10	10
2009-03-02 03:07:01	Running	0	10	0	0	0	0	0	0	10	0	73857	3	0	0	0	0	0	10	10
2009-03-02 03:08:01	Running	0	10	0	0	0	0	0	0	10	0	73858	3	0	0	0	0	0	10	10
2009-03-02 03:09:01	Running	0	10	0	0	0	0	0	0	10	0	73858	3	0	0	0	0	0	10	10
2009-03-02 03:10:02	Running	0	10	0	0	0	0	0	0	10	0	73859	3	0	0	0	0	0	10	10
2009-03-02 03:11:02	Running	0	10	0	0	0	0	0	0	10	0	73859	3	0	0	0	0	0	10	10
2009-03-02 03:12:02	Running	0	10	0	0	0	0	0	0	10	0	73860	3	0	0	0	0	0	10	10
2009-03-02 03:13:02	Running	0	10	0	0	0	0	0	0	10	0	73860	3	0	0	0	0	0	10	10
2009-03-02 03:14:02	Running	0	10	0	0	0	0	0	0	10	0	73861	3	0	0	0	0	0	10	10
2009-03-02 03:15:00	Running	0	10	0	0	0	0	0	0	10	0	73861	3	0	0	0	0	0	10	10
2009-03-02 03:16:00	Running	0	10	0	0	0	0	0	0	10	0	73862	3	0	0	0	0	0	10	10
2009-03-02 03:17:00	Running	0	10	0	0	0	0	0	0	10	0	73862	3	0	0	0	0	0	10	10
2009-03-02 03:18:00	Running	0	10	0	0	0	0	0	0	10	0	73863	3	0	0	0	0	0	10	10
2009-03-02 03:19:00	Running	0	10	0	0	0	0	0	0	10	0	73863	3	0	0	0	0	0	10	10
2009-03-02 03:20:01	Running	0	10	0	0	0	0	0	0	10	0	73864	3	0	0	0	0	0	10	10
2009-03-02 03:21:01	Running	0	10	0	0	0	0	0	0	10	0	73864	3	0	0	0	0	0	10	10
2009-03-02 03:22:01	Running	0	10	0	0	0	0	0	0	10	0	73865	3	0	0	0	0	0	10	10
2009-03-02 03:23:01	Running	0	10	0	0	0	0	0	0	10	0	73865	3	0	0	0	0	0	10	10
2009-03-02 03:24:01	Running	0	10	0	0	0	0	0	0	10	0	73866	3	0	0	0	0	0	10	10
2009-03-02 03:25:02	Running	0	10	0	0	0	0	0	0	10	0	73866	3	0	0	0	0	0	10	10
2009-03-02 03:26:02	Running	0	10	0	0	0	0	0	0	10	0	73867	3	0	0	0	0	0	10	10
2009-03-02 03:27:02	Running	0	10	0	0	0	0	0	0	10	0	73867	3	0	0	0	0	0	10	10
2009-03-02 03:28:02	Running	0	10	0	0	0	0	0	0	10	0	73868	3	0	0	0	0	0	10	10
2009-03-02 03:29:02	Running	0	10	0	0	0	0	0	0	10	0	73868	3	0	0	0	0	0	10	10
2009-03-02 03:30:00	Running	0	10	0	0	0	0	0	0	10	0	73869	3	0	0	0	0	0	10	10
2009-03-02 03:31:00	Running	0	10	0	0	0	0	0	0	10	0	73869	3	0	0	0	0	0	10	10
2009-03-02 03:32:00	Running	0	10	0	0	0	0	0	0	10	0	73870	3	0	0	0	0	0	10	10
2009-03-02 03:33:00	Running	0	10	0	0	0	0	0	0	10	0	73870	3	0	0	0	0	0	10	10
2009-03-02 03:34:00	Running	0	10	0	0	0	0	0	0	10	0	73871	3	0	0	0	0	0	10	10
2009-03-02 03:35:01	Running	0	10	0	0	0	0	0	0	10	0	73871	3	0	0	0	0	0	10	10
2009-03-02 03:36:01	Running	0	10	0	0	0	0	0	0	10	0	73872	3	0	0	0	0	0	10	10
2009-03-02 03:37:01	Running	0	10	0	0	0	0	0	0	10	0	73872	3	0	0	0	0	0	10	10
2009-03-02 03:38:01	Running	0	10	0	0	0	0	0	0	10	0	73873	3	0	0	0	0	0	10	10
2009-03-02 03:39:01	Running	0	10	0	0	0	0	0	0	10	0	73873	3	0	0	0	0	0	10	10
2009-03-02 03:40:02	Running	0	10	0	0	0	0	0	0	10	0	73874	3	0	0	0	0	0	10	10
2009-03-02 03:41:02	Running	0	10	0	0	0	0	0	0	10	0	73874	3	0	0	0	0	0	10	10
2009-03-02 03:42:02	Running	0	10	0	0	0	0	0	0	10	0	73875	3	0	0	0	0	0	10	10
2009-03-02 03:43:02	Running	0	10	0	0	0	0	0	0	10	0	73875	3	0	0	0	0	0	10	10
2009-03-02 03:44:02	Running	0	10	0	0	0	0	0	0	10	0	73876	3	0	0	0	0	0	10	10
2009-03-02 03:45:00	Running	0	10	0	0	0	0	0	0	10	0	73876	3	0	0	0	0	0	10	10
2009-03-02 03:46:00	Running	0	10	0	0	0	0	0	0	10	0	73877	3	0	0	0	0	0	10	10
2009-03-02 03:47:00	Running	0	10	0	0	0	0	0	0	10	0	73877	3	0	0	0	0	0	10	10
2009-03-02 03:48:00	Running	0	10	0	0	0	0	0	0	10	0	73878	3	0	0	0	0	0	10	10
2009-03-02 03:49:00	Running	0	10	0	0	0	0	0	0	10	0	73878	3	0	0	0	0	0	10	10
2009-03-02 03:50:01	Running	0	10	0	0	0	0	0	0	10	0	73879	3	0	0	0	0	0	10	10
2009-03-02 03:51:01	Running	0	10	0	0	0	0	0	0	10	0	73879	3	0	0	0	0	0	10	10
2009-03-02 03:52:01	Running	0	10	0	0	0	0	0	0	10	0	73880	3	0	0	0	0	0	10	10
2009-03-02 03:53:01	Running	0	10	0	0	0	0	0	0	10	0	73880	3	0	0	0	0	0	10	10
2009-03-02 03:54:01	Running	0	10	0	0	0	0	0	0	10	0	73881	3	0	0	0	0	0	10	10
2009-03-02 03:55:02	Running	0	10	0	0	0	0	0	0	10	0	73881	3	0	0	0	0	0	10	10
2009-03-02 03:56:02	Running	0	10	0	0	0	0	0	0	10	0	73882	3	0	0	0	0	0	10	10
2009-03-02 03:57:02	Running	0	10	0	0	0	0	0	0	10	0	73882	3	0	0	0	0	0	10	10
2009-03-02 03:58:02	Running	0	10	0	0	0	0	0	0	10	0	73883	3	0	0	0	0	0	10	10
2009-03-02 03:59:02	Running	0	10	0	0	0	0	0	0	10	0	73883	3	0	0	0	0	0	10	10
2009-03-02 04:00:00	Running	0	10	0	0	0	0	0	0	10	0	73884	3	0	0	0	0	0	10	10
2009-03-02 04:01:00	Running	0	10	0	0	0	0	0	0	10	0	73884	3	0	0	0	0	0	10	10
2009-03-02 04:02:00	Running	0	10	0	0	0	0	0	0	10	0	73885	3	0	0	0	0	0	10	10
2009-03-02 04:03:00	Running	0	10	0	0	0	0	0	0	10	0	73885	3	0	0	0	0	0	10	10
2009-03-02 04:04:00	Running	0	10	0	0	0	0	0	0	10	0	73886	3	0	0	0	0	0	10	10
2009-03-02 04:05:01	Running	0	10	0	0	0	0	0	0	10	0	73886	3	0	0	0	0	0	10	10
2009-03-02 04:06:01	Running	0	10	0	0	0	0	0	0	10	0	73887	3	0	0	0	0	0	10	10
2009-03-02 04:07:01	Running	0	10	0	0	0	0	0	0	10	0	73887	3	0	0	0	0	0	10	10
2009-03-02 04:08:01	Running	0	10	0	0	0	0	0	0	10	0	73888	3	0	0	0	0	0	10	10
2009-03-02 04:09:01	Running	0	10	0	0	0	0	0	0	10	0	73888	3	0	0	0	0	0	10	10
2009-03-02 04:10:02	Running	0	10	0	0	0	0	0	0	10	0	73889	3	0	0	0	0	0	10	10
2009-03-02 04:11:02	Running	0	10	0	0	0	0	0	0	10	0	73889	3	0	0	0	0	0	10	10
2009-03-02 04:12:02	Running	0	10	0	0	0	0	0	0	10	0	73890	3	0	0	0	0	0	10	10
2009-03-02 04:13:02	Running	0	10	0	0	0	0	0	0	10	0	73890	3	0	0	0	0	0	10	10
2009-03-02 04:14:02	Running	0	10	0	0	0	0	0	0	10	0	73891	3	0	0	0	0	0	10	10
2009-03-02 04:15:00	Running	0	10	0	0	0	0	0	0	10	0	73891	3	0	0	0	0	0	10	10
2009-03-02 04:16:00	Running	0	10	0	0	0	0	0	0	10	0	73892	3	0	0	0	0	0	10	10
2009-03-02 04:17:00	Running	0	10	0	0	0	0	0	0	10	0	73892	3	0	0	0	0	0	10	10
2009-03-02 04:18:00	Running	0	10	0	0	0	0	0	0	10	0	73893	3	0	0	0	0	0	10	10
2009-03-02 04:19:00	Running	0	10	0	0	0	0	0	0	10	0	73893	3	0	0	0	0	0	10	10
2009-03-02 04:20:01	Running	0	10	0	0	0	0	0	0	10	0	73894	3	0	0	0	0	0	10	10
2009-03-02 04:21:01	Running	0	10	0	0	0	0	0	0	10	0	73894	3	0	0	0	0	0	10	10
2009-03-02 04:22:01	Running	0	10	0	0	0	0	0	0	10	0	73895	3	0	0	0	0	0	10	10
2009-03-02 04:23:01	Running	0	10	0	0	0	0	0	0	10	0	73895	3	0	0	0	0	0	10	10
2009-03-02 04:24:01	Running	0	10	0	0	0	0	0	0	10	0	73896	3	0	0	0	0	0	10	10
2009-03-02 04:25:02	Running	0	10	0	0	0	0	0	0	10	0	73896	3	0	0	0	0	0	10	10
2009-03-02 04:26:02	Running	0	10	0	0	0	0	0	0	10	0	73897	3	0	0	0	0	0	10	10
2009-03-02 04:27:02	Running	0	10	0	0	0	0	0	0	10	0	73897	3	0	0	0	0	0	10	10
2009-03-02 04:28:02	Running	0	10	0	0	0	0	0	0	10	0	73898	3	0	0	0	0	0	10	10
2009-03-02 04:29:02	Running	0	10	0	0	0	0	0	0	10	0	73898	3	0	0	0	0	0	10	10
2009-03-02 04:30:00	Running	0	10	0	0	0	0	0	0	10	0	73899	3	0	0	0	0	0	10	10
2009-03-02 04:31:00	Running	0	10	0	0	0	0	0	0	10	0	73899	3	0	0	0	0	0	10	10
2009-03-02 04:32:00	Running	0	10	0	0	0	0	0	0	10	0	73900	3	0	0	0	0	0	10	10
2009-03-02 04:33:00	Running	0	10	0	0	0	0	0	0	10	0	73900	3	0	0	0	0	0	10	10
2009-03-02 04:34:00	Running	0	10	0	0	0	0	0	0	10	0	73901	3	0	0	0	0	0	10	10
2009-03-02 04:35:01	Running	0	10	0	0	0	0	0	0	10	0	73901	3	0	0	0	0	0	10	10
2009-03-02 04:36:01	Running	0	10	0	0	0	0	0	0	10	0	73902	3	0	0	0	0	0	10	10
2009-03-02 04:37:01	Running	0	10	0	0	0	0	0	0	10	0	73902	3	0	0	0	0	0	10	10
2009-03-02 04:38:01	Running	0	10	0	0	0	0	0	0	10	0	73903	3	0	0	0	0	0	10	10
2009-03-02 04:39:01	Running	0	10	0	0	0	0	0	0	10	0	73903	3	0	0	0	0	0	10	10
2009-03-02 04:40:02	Running	0	10	0	0	0	0	0	0	10	0	73904	3	0	0	0	0	0	10	10
2009-03-02 04:41:02	Running	0	10	0	0	0	0	0	0	10	0	73904	3	0	0	0	0	0	10	10
2009-03-02 04:42:02	Running	0	10	0	0	0	0	0	0	10	0	73905	3	0	0	0	0	0	10	10
2009-03-02 04:43:02	Running	0	10	0	0	0	0	0	0	10	0	73905	3	0	0	0	0	0	10	10
2009-03-02 04:44:02	Running	0	10	0	0	0	0	0	0	10	0	73906	3	0	0	0	0	0	10	10
2009-03-02 04:45:00	Running	0	10	0	0	0	0	0	0	10	0	73906	3	0	0	0	0	0	10	10
2009-03-02 04:46:00	Running	0	10	0	0	0	0	0	0	10	0	73907	3	0	0	0	0	0	10	10
2009-03-02 04:47:00	Running	0	10	0	0	0	0	0	0	10	0	73907	3	0	0	0	0	0	10	10
2009-03-02 04:48:00	Running	0	10	0	0	0	0	0	0	10	0	73908	3	0	0	0	0	0	10	10
2009-03-02 04:49:00	Running	0	10	0	0	0	0	0	0	10	0	73908	3	0	0	0	0	0	10	10
2009-03-02 04:50:01	Running	0	10	0	0	0	0	0	0	10	0	73909	3	0	0	0	0	0	10	10
2009-03-02 04:51:01	Running	0	10	0	0	0	0	0	0	10	0	73909	3	0	0	0	0	0	10	10
2009-03-02 04:52:01	Running	0	10	0	0	0	0	0	0	10	0	73910	3	0	0	0	0	0	10	10
2009-03-02 04:53:01	Running	0	10	0	0	0	0	0	0	10	0	73910	3	0	0	0	0	0	10	10
2009-03-02 04:54:01	Running	0	10	0	0	0	0	0	0	10	0	73911	3	0	0	0	0	0	10	10
2009-03-02 04:55:02	Running	0	10	0	0	0	0	0	0	10	0	73911	3	0	0	0	0	0	10	10
2009-03-02 04:56:02	Running	0	10	0	0	0	0	0	0	10	0	73912	3	0	0	0	0	0	10	10
2009-03-02 04:57:02	Running	0	10	0	0	0	0	0	0	10	0	73912	3	0	0	0	0	0	10	10
2009-03-02 04:58:02	Running	0	10	0	0	0	0	0	0	10	0	73913	3	0	0	0	0	0	10	10
2009-03-02 04:59:02	Running	0	10	0	0	0	0	0	0	10	0	73913	3	0	0	0	0	0	10	10
2009-03-02 05:00:00	Running	0	10	0	0	0	0	0	0	10	0	73914	3	0	0	0	0	0	10	10
2009-03-02 05:01:00	Running	0	10	0	0	0	0	0	0	10	0	73914	3	0	0	0	0	0	10	10
2009-03-02 05:02:00	Running	0	10	0	0	0	0	0	0	10	0	73915	3	0	0	0	0	0	10	10
2009-03-02 05:03:00	Running	0	10	0	0	0	0	0	0	10	0	73915	3	0	0	0	0	0	10	10
2009-03-02 05:04:00	Running	0	10	0	0	0	0	0	0	10	0	73916	3	0	0	0	0	0	10	10
2009-03-02 05:05:01	Running	0	10	0	0	0	0	0	0	10	0	73916	3	0	0	0	0	0	10	10
2009-03-02 05:06:01	Running	0	10	0	0	0	0	0	0	10	0	73917	3	0	0	0	0	0	10	10
2009-03-02 05:07:01	Running	0	10	0	0	0	0	0	0	10	0	73917	3	0	0	0	0	0	10	10
2009-03-02 05:08:01	Running	0	10	0	0	0	0	0	0	10	0	73918	3	0	0	0	0	0	10	10
2009-03-02 05:09:01	Running	0	10	0	0	0	0	0	0	10	0	73918	3	0	0	0	0	0	10	10
2009-03-02 05:10:02	Running	0	10	0	0	0	0	0	0	10	0	73919	3	0	0	0	0	0	10	10
2009-03-02 05:11:02	Running	0	10	0	0	0	0	0	0	10	0	73919	3	0	0	0	0	0	10	10
2009-03-02 05:12:02	Running	0	10	0	0	0	0	0	0	10	0	73920	3	0	0	0	0	0	10	10
2009-03-02 05:13:02	Running	0	10	0	0	0	0	0	0	10	0	73920	3	0	0	0	0	0	10	10
2009-03-02 05:14:02	Running	0	10	0	0	0	0	0	0	10	0	73921	3	0	0	0	0	0	10	10
2009-03-02 05:15:00	Running	0	10	0	0	0	0	0	0	10	0	73921	3	0	0	0	0	0	10	10
2009-03-02 05:16:00	Running	0	10	0	0	0	0	0	0	10	0	73922	3	0	0	0	0	0	10	10
2009-03-02 05:17:00	Running	0	10	0	0	0	0	0	0	10	0	73922	3	0	0	0	0	0	10	10
2009-03-02 05:18:00	Running	0	10	0	0	0	0	0	0	10	0	73923	3	0	0	0	0	0	10	10
2009-03-02 05:19:00	Running	0	10	0	0	0	0	0	0	10	0	73923	3	0	0	0	0	0	10	10
2009-03-02 05:20:01	Running	0	10	0	0	0	0	0	0	10	0	73924	3	0	0	0	0	0	10	10
2009-03-02 05:21:01	Running	0	10	0	0	0	0	0	0	10	0	73924	3	0	0	0	0	0	10	10
2009-03-02 05:22:01	Running	0	10	0	0	0	0	0	0	10	0	73925	3	0	0	0	0	0	10	10
2009-03-02 05:23:01	Running	0	10	0	0	0	0	0	0	10	0	73925	3	0	0	0	0	0	10	10
2009-03-02 05:24:01	Running	0	10	0	0	0	0	0	0	10	0	73926	3	0	0	0	0	0	10	10
2009-03-02 05:25:02	Running	0	10	0	0	0	0	0	0	10	0	73926	3	0	0	0	0	0	10	10
2009-03-02 05:26:02	Running	0	10	0	0	0	0	0	0	10	0	73927	3	0	0	0	0	0	10	10
2009-03-02 05:27:02	Running	0	10	0	0	0	0	0	0	10	0	73927	3	0	0	0	0	0	10	10
2009-03-02 05:28:02	Running	0	10	0	0	0	0	0	0	10	0	73928	3	0	0	0	0	0	10	10
2009-03-02 05:29:02	Running	0	10	0	0	0	0	0	0	10	0	73928	3	0	0	0	0	0	10	10
2009-03-02 05:30:00	Running	0	10	0	0	0	0	0	0	10	0	73929	3	0	0	0	0	0	10	10
2009-03-02 05:31:00	Running	0	10	0	0	0	0	0	0	10	0	73929	3	0	0	0	0	0	10	10
2009-03-02 05:32:00	Running	0	10	0	0	0	0	0	0	10	0	73930	3	0	0	0	0	0	10	10
2009-03-02 05:33:00	Running	0	10	0	0	0	0	0	0	10	0	73930	3	0	0	0	0	0	10	10
2009-03-02 05:34:00	Running	0	10	0	0	0	0	0	0	10	0	73931	3	0	0	0	0	0	10	10
2009-03-02 05:35:01	Running	0	10	0	0	0	0	0	0	10	0	73931	3	0	0	0	0	0	10	10
2009-03-02 05:36:01	Running	0	10	0	0	0	0	0	0	10	0	73932	3	0	0	0	0	0	10	10
2009-03-02 05:37:01	Running	0	10	0	0	0	0	0	0	10	0	73932	3	0	0	0	0	0	10	10
2009-03-02 05:38:01	Running	0	10	0	0	0	0	0	0	10	0	73933	3	0	0	0	0	0	10	10
2009-03-02 05:39:01	Running	0	10	0	0	0	0	0	0	10	0	73933	3	0	0	0	0	0	10	10
2009-03-02 05:40:02	Running	0	10	0	0	0	0	0	0	10	0	73934	3	0	0	0	0	0	10	10
2009-03-02 05:41:02	Running	0	10	0	0	0	0	0	0	10	0	73934	3	0	0	0	0	0	10	10
2009-03-02 05:42:02	Running	0	10	0	0	0	0	0	0	10	0	73935	3	0	0	0	0	0	10	10
2009-03-02 05:43:02	Running	0	10	0	0	0	0	0	0	10	0	73935	3	0	0	0	0	0	10	10
2009-03-02 05:44:02	Running	0	10	0	0	0	0	0	0	10	0	73936	3	0	0	0	0	0	10	10
2009-03-02 05:45:00	Running	0	10	0	0	0	0	0	0	10	0	73936	3	0	0	0	0	0	10	10
2009-03-02 05:46:00	Running	0	10	0	0	0	0	0	0	10	0	73937	3	0	0	0	0	0	10	10
2009-03-02 05:47:00	Running	0	10	0	0	0	0	0	0	10	0	73937	3	0	0	0	0	0	10	10
2009-03-02 05:48:00	Running	0	10	0	0	0	0	0	0	10	0	73938	3	0	0	0	0	0	10	10
2009-03-02 05:49:00	Running	0	10	0	0	0	0	0	0	10	0	73938	3	0	0	0	0	0	10	10
2009-03-02 05:50:01	Running	0	10	0	0	0	0	0	0	10	0	73939	3	0	0	0	0	0	10	10
2009-03-02 05:51:01	Running	0	10	0	0	0	0	0	0	10	0	73939	3	0	0	0	0	0	10	10
2009-03-02 05:52:01	Running	0	10	0	0	0	0	0	0	10	0	73940	3	0	0	0	0	0	10	10
2009-03-02 05:53:01	Running	0	10	0	0	0	0	0	0	10	0	73940	3	0	0	0	0	0	10	10
2009-03-02 05:54:01	Running	0	10	0	0	0	0	0	0	10	0	73941	3	0	0	0	0	0	10	10
2009-03-02 05:55:02	Running	0	10	0	0	0	0	0	0	10	0	73941	3	0	0	0	0	0	10	10
2009-03-02 05:56:02	Running	0	10	0	0	0	0	0	0	10	0	73942	3	0	0	0	0	0	10	10
2009-03-02 05:57:02	Running	0	10	0	0	0	0	0	0	10	0	73942	3	0	0	0	0	0	10	10
2009-03-02 05:58:02	Running	0	10	0	0	0	0	0	0	10	0	73943	3	0	0	0	0	0	10	10
2009-03-02 05:59:02	Running	0	10	0	0	0	0	0	0	10	0	73943	3	0	0	0	0	0	10	10
2009-03-02 06:00:00	Running	0	10	0	0	0	0	0	0	10	0	73944	3	0	0	0	0	0	10	10
2009-03-02 06:01:00	Running	0	10	0	0	0	0	0	0	10	0	73944	3	0	0	0	0	0	10	10
2009-03-02 06:02:00	Running	0	10	0	0	0	0	0	0	10	0	73945	3	0	0	0	0	0	10	10
2009-03-02 06:03:00	Running	0	10	0	0	0	0	0	0	10	0	73945	3	0	0	0	0	0	10	10
2009-03-02 06:04:00	Running	0	10	0	0	0	0	0	0	10	0	73946	3	0	0	0	0	0	10	10
2009-03-02 06:05:01	Running	0	10	0	0	0	0	0	0	10	0	73946	3	0	0	0	0	0	10	10
2009-03-02 06:06:01	Running	0	10	0	0	0	0	0	0	10	0	73947	3	0	0	0	0	0	10	10
2009-03-02 06:07:01	Running	0	10	0	0	0	0	0	0	10	0	73947	3	0	0	0	0	0	10	10
2009-03-02 06:08:01	Running	0	10	0	0	0	0	0	0	10	0	73948	3	0	0	0	0	0	10	10
2009-03-02 06:09:01	Running	0	10	0	0	0	0	0	0	10	0	73948	3	0	0	0	0	0	10	10
2009-03-02 06:10:02	Running	0	10	0	0	0	0	0	0	10	0	73949	3	0	0	0	0	0	10	10
2009-03-02 06:11:02	Running	0	10	0	0	0	0	0	0	10	0	73949	3	0	0	0	0	0	10	10
2009-03-02 06:12:02	Running	0	10	0	0	0	0	0	0	10	0	73950	3	0	0	0	0	0	10	10
2009-03-02 06:13:02	Running	0	10	0	0	0	0	0	0	10	0	73950	3	0	0	0	0	0	10	10
2009-03-02 06:14:02	Running	0	10	0	0	0	0	0	0	10	0	73951	3	0	0	0	0	0	10	10
2009-03-02 06:15:00	Running	0	10	0	0	0	0	0	0	10	0	73951	3	0	0	0	0	0	10	10
2009-03-02 06:16:00	Running	0	10	0	0	0	0	0	0	10	0	73952	3	0	0	0	0	0	10	10
2009-03-02 06:17:00	Running	0	10	0	0	0	0	0	0	10	0	73952	3	0	0	0	0	0	10	10
2009-03-02 06:18:00	Running	0	10	0	0	0	0	0	0	10	0	73953	3	0	0	0	0	0	10	10
2009-03-02 06:19:00	Running	0	10	0	0	0	0	0	0	10	0	73953	3	0	0	0	0	0	10	10
2009-03-02 06:20:01	Running	0	10	0	0	0	0	0	0	10	0	73954	3	0	0	0	0	0	10	10
2009-03-02 06:21:01	Running	0	10	0	0	0	0	0	0	10	0	73954	3	0	0	0	0	0	10	10
2009-03-02 06:22:01	Running	0	10	0	0	0	0	0	0	10	0	73955	3	0	0	0	0	0	10	10
2009-03-02 06:23:01	Running	0	10	0	0	0	0	0	0	10	0	73955	3	0	0	0	0	0	10	10
2009-03-02 06:24:01	Running	0	10	0	0	0	0	0	0	10	0	73956	3	0	0	0	0	0	10	10
2009-03-02 06:25:02	Running	0	10	0	0	0	0	0	0	10	0	73956	3	0	0	0	0	0	10	10
2009-03-02 06:26:02	Running	0	10	0	0	0	0	0	0	10	0	73957	3	0	0	0	0	0	10	10
2009-03-02 06:27:02	Running	0	10	0	0	0	0	0	0	10	0	73957	3	0	0	0	0	0	10	10
2009-03-02 06:28:02	Running	0	10	0	0	0	0	0	0	10	0	73958	3	0	0	0	0	0	10	10
2009-03-02 06:29:02	Running	0	10	0	0	0	0	0	0	10	0	73958	3	0	0	0	0	0	10	10
2009-03-02 06:30:00	Running	0	10	0	0	0	0	0	0	10	0	73959	3	0	0	0	0	0	10	10
2009-03-02 06:31:00	Running	0	10	0	0	0	0	0	0	10	0	73959	3	0	0	0	0	0	10	10
2009-03-02 06:32:00	Running	0	10	0	0	0	0	0	0	10	0	73960	3	0	0	0	0	0	10	10
2009-03-02 06:33:00	Running	0	10	0	0	0	0	0	0	10	0	73960	3	0	0	0	0	0	10	10
2009-03-02 06:34:00	Running	0	10	0	0	0	0	0	0	10	0	73961	3	0	0	0	0	0	10	10
2009-03-02 06:35:01	Running	0	10	0	0	0	0	0	0	10	0	73961	3	0	0	0	0	0	10	10
2009-03-02 06:36:01	Running	0	10	0	0	0	0	0	0	10	0	73962	3	0	0	0	0	0	10	10
2009-03-02 06:37:01	Running	0	10	0	0	0	0	0	0	10	0	73962	3	0	0	0	0	0	10	10
2009-03-02 06:38:01	Running	0	10	0	0	0	0	0	0	10	0	73963	3	0	0	0	0	0	10	10
2009-03-02 06:39:01	Running	0	10	0	0	0	0	0	0	10	0	73963	3	0	0	0	0	0	10	10
2009-03-02 06:40:02	Running	0	10	0	0	0	0	0	0	10	0	73964	3	0	0	0	0	0	10	10
2009-03-02 06:41:02	Running	0	10	0	0	0	0	0	0	10	0	73964	3	0	0	0	0	0	10	10
2009-03-02 06:42:02	Running	0	10	0	0	0	0	0	0	10	0	73965	3	0	0	0	0	0	10	10
2009-03-02 06:43:02	Running	0	10	0	0	0	0	0	0	10	0	73965	3	0	0	0	0	0	10	10
2009-03-02 06:44:02	Running	0	10	0	0	0	0	0	0	10	0	73966	3	0	0	0	0	0	10	10
2009-03-02 06:45:03	Running	0	10	0	0	0	0	0	0	10	0	73966	3	0	0	0	0	0	10	10
2009-03-02 06:46:00	Running	0	10	0	0	0	0	0	0	10	0	73967	3	0	0	0	0	0	10	10
2009-03-02 06:47:00	Running	0	10	0	0	0	0	0	0	10	0	73967	3	0	0	0	0	0	10	10
2009-03-02 06:48:00	Running	0	10	0	0	0	0	0	0	10	0	73968	3	0	0	0	0	0	10	10
2009-03-02 06:49:00	Running	0	10	0	0	0	0	0	0	10	0	73968	3	0	0	0	0	0	10	10
2009-03-02 06:50:00	Running	0	10	0	0	0	0	0	0	10	0	73969	3	0	0	0	0	0	10	10
2009-03-02 06:51:01	Running	0	10	0	0	0	0	0	0	10	0	73969	3	0	0	0	0	0	10	10
2009-03-02 06:52:01	Running	0	10	0	0	0	0	0	0	10	0	73970	3	0	0	0	0	0	10	10
2009-03-02 06:53:01	Running	0	10	0	0	0	0	0	0	10	0	73970	3	0	0	0	0	0	10	10
2009-03-02 06:54:01	Running	0	10	0	0	0	0	0	0	10	0	73971	3	0	0	0	0	0	10	10
2009-03-02 06:55:01	Running	0	10	0	0	0	0	0	0	10	0	73971	3	0	0	0	0	0	10	10
2009-03-02 06:56:02	Running	0	10	0	0	0	0	0	0	10	0	73972	3	0	0	0	0	0	10	10
2009-03-02 06:57:02	Running	0	10	0	0	0	0	0	0	10	0	73972	3	0	0	0	0	0	10	10
2009-03-02 06:58:02	Running	0	10	0	0	0	0	0	0	10	0	73973	3	0	0	0	0	0	10	10
2009-03-02 06:59:02	Running	0	10	0	0	0	0	0	0	10	0	73973	3	0	0	0	0	0	10	10
2009-03-02 07:00:02	Running	0	10	0	0	0	0	0	0	10	0	73974	3	0	0	0	0	0	10	10
2009-03-02 07:01:00	Running	0	10	0	0	0	0	0	0	10	0	73974	3	0	0	0	0	0	10	10
2009-03-02 07:02:00	Running	0	10	0	0	0	0	0	0	10	0	73975	3	0	0	0	0	0	10	10
2009-03-02 07:03:00	Running	0	10	0	0	0	0	0	0	10	0	73975	3	0	0	0	0	0	10	10
2009-03-02 07:04:00	Running	0	10	0	0	0	0	0	0	10	0	73976	3	0	0	0	0	0	10	10
2009-03-02 07:05:00	Running	0	10	0	0	0	0	0	0	10	0	73976	3	0	0	0	0	0	10	10
2009-03-02 07:06:01	Running	0	10	0	0	0	0	0	0	10	0	73977	3	0	0	0	0	0	10	10
2009-03-02 07:07:01	Running	0	10	0	0	0	0	0	0	10	0	73977	3	0	0	0	0	0	10	10
2009-03-02 07:08:01	Running	0	10	0	0	0	0	0	0	10	0	73978	3	0	0	0	0	0	10	10
2009-03-02 07:09:01	Running	0	10	0	0	0	0	0	0	10	0	73978	3	0	0	0	0	0	10	10
2009-03-02 07:10:01	Running	0	10	0	0	0	0	0	0	10	0	73979	3	0	0	0	0	0	10	10
2009-03-02 07:11:02	Running	0	10	0	0	0	0	0	0	10	0	73979	3	0	0	0	0	0	10	10
2009-03-02 07:12:02	Running	0	10	0	0	0	0	0	0	10	0	73980	3	0	0	0	0	0	10	10
2009-03-02 07:13:02	Running	0	10	0	0	0	0	0	0	10	0	73980	3	0	0	0	0	0	10	10
2009-03-02 07:14:02	Running	0	10	0	0	0	0	0	0	10	0	73981	3	0	0	0	0	0	10	10
2009-03-02 07:15:02	Running	0	10	0	0	0	0	0	0	10	0	73981	3	0	0	0	0	0	10	10
2009-03-02 07:16:00	Running	0	10	0	0	0	0	0	0	10	0	73982	3	0	0	0	0	0	10	10
2009-03-02 07:17:00	Running	0	10	0	0	0	0	0	0	10	0	73982	3	0	0	0	0	0	10	10
2009-03-02 07:18:00	Running	0	10	0	0	0	0	0	0	10	0	73983	3	0	0	0	0	0	10	10
2009-03-02 07:19:00	Running	0	10	0	0	0	0	0	0	10	0	73983	3	0	0	0	0	0	10	10
2009-03-02 07:20:00	Running	0	10	0	0	0	0	0	0	10	0	73984	3	0	0	0	0	0	10	10
2009-03-02 07:21:01	Running	0	10	0	0	0	0	0	0	10	0	73984	3	0	0	0	0	0	10	10
2009-03-02 07:22:01	Running	0	10	0	0	0	0	0	0	10	0	73985	3	0	0	0	0	0	10	10
2009-03-02 07:23:01	Running	0	10	0	0	0	0	0	0	10	0	73985	3	0	0	0	0	0	10	10
2009-03-02 07:24:01	Running	0	10	0	0	0	0	0	0	10	0	73986	3	0	0	0	0	0	10	10
2009-03-02 07:25:01	Running	0	10	0	0	0	0	0	0	10	0	73986	3	0	0	0	0	0	10	10
2009-03-02 07:26:02	Running	0	10	0	0	0	0	0	0	10	0	73987	3	0	0	0	0	0	10	10
2009-03-02 07:27:02	Running	0	10	0	0	0	0	0	0	10	0	73987	3	0	0	0	0	0	10	10
2009-03-02 07:28:02	Running	0	10	0	0	0	0	0	0	10	0	73988	3	0	0	0	0	0	10	10
2009-03-02 07:29:02	Running	0	10	0	0	0	0	0	0	10	0	73988	3	0	0	0	0	0	10	10
2009-03-02 07:30:02	Running	0	10	0	0	0	0	0	0	10	0	73989	3	0	0	0	0	0	10	10
2009-03-02 07:31:00	Running	0	10	0	0	0	0	0	0	10	0	73989	3	0	0	0	0	0	10	10
2009-03-02 07:32:00	Running	0	10	0	0	0	0	0	0	10	0	73990	3	0	0	0	0	0	10	10
2009-03-02 07:33:00	Running	0	10	0	0	0	0	0	0	10	0	73990	3	0	0	0	0	0	10	10
2009-03-02 07:34:00	Running	0	10	0	0	0	0	0	0	10	0	73991	3	0	0	0	0	0	10	10
2009-03-02 07:35:00	Running	0	10	0	0	0	0	0	0	10	0	73991	3	0	0	0	0	0	10	10
2009-03-02 07:36:01	Running	0	10	0	0	0	0	0	0	10	0	73992	3	0	0	0	0	0	10	10
2009-03-02 07:37:01	Running	0	10	0	0	0	0	0	0	10	0	73992	3	0	0	0	0	0	10	10
2009-03-02 07:38:01	Running	0	10	0	0	0	0	0	0	10	0	73993	3	0	0	0	0	0	10	10
2009-03-02 07:39:01	Running	0	10	0	0	0	0	0	0	10	0	74696	3	0	0	0	0	0	10	10
2009-03-02 07:40:01	Running	0	10	0	0	0	0	0	0	10	0	74697	3	0	0	0	0	0	10	10
2009-03-02 07:41:02	Running	0	10	0	0	0	0	0	0	10	0	74698	3	0	0	0	0	0	10	10
2009-03-02 07:42:02	Running	0	10	0	0	0	0	0	0	10	0	74699	3	0	0	0	0	0	10	10
2009-03-02 07:43:02	Running	0	10	0	0	0	0	0	0	10	0	74699	3	0	0	0	0	0	10	10
2009-03-02 07:44:02	Running	0	10	0	0	0	0	0	0	10	0	74700	3	0	0	0	0	0	10	10
2009-03-02 07:45:02	Running	0	10	0	0	0	0	0	0	10	0	74700	3	0	0	0	0	0	10	10
2009-03-02 07:46:00	Running	0	10	0	0	0	0	0	0	10	0	74701	3	0	0	0	0	0	10	10
2009-03-02 07:47:00	Running	0	10	0	0	0	0	0	0	10	0	74701	3	0	0	0	0	0	10	10
2009-03-02 07:48:00	Running	0	10	0	0	0	0	0	0	10	0	74702	3	0	0	0	0	0	10	10
2009-03-02 07:49:00	Running	0	10	0	0	0	0	0	0	10	0	74702	3	0	0	0	0	0	10	10
2009-03-02 07:50:00	Running	0	10	0	0	0	0	0	0	10	0	75404	3	0	0	0	0	0	10	10
2009-03-02 07:51:01	Running	0	10	0	0	0	0	0	0	10	0	75404	3	0	0	0	0	0	10	10
2009-03-02 07:52:01	Running	0	10	0	0	0	0	0	0	10	0	75405	3	0	0	0	0	0	10	10
2009-03-02 07:53:01	Running	0	10	0	0	0	0	0	0	10	0	75405	3	0	0	0	0	0	10	10
2009-03-02 07:54:01	Running	0	10	0	0	0	0	0	0	10	0	75406	3	0	0	0	0	0	10	10
2009-03-02 07:55:01	Running	0	10	0	0	0	0	0	0	10	0	75406	3	0	0	0	0	0	10	10
2009-03-02 07:56:02	Running	0	10	0	0	0	0	0	0	10	0	75407	3	0	0	0	0	0	10	10
2009-03-02 07:57:02	Running	0	10	0	0	0	0	0	0	10	0	76813	3	0	0	0	0	0	10	10
2009-03-02 07:58:02	Running	0	10	0	0	0	0	0	0	10	0	76833	3	0	0	0	0	0	10	10
2009-03-02 07:59:02	Running	0	10	0	0	0	0	0	0	10	0	77558	3	0	0	0	0	0	10	10
2009-03-02 08:00:02	Running	0	10	0	0	0	0	0	0	10	0	77562	3	0	0	0	0	0	10	10
2009-03-02 08:01:00	Running	0	10	0	0	0	0	0	0	10	0	77566	3	0	0	0	0	0	10	10
2009-03-02 08:02:00	Running	0	10	0	0	0	0	0	0	10	0	78272	3	0	0	0	0	0	10	10
2009-03-02 08:03:00	Running	0	10	0	0	0	0	0	0	10	0	78273	3	0	0	0	0	0	10	10
2009-03-02 08:04:00	Running	0	10	0	0	0	0	0	0	10	0	78275	3	0	0	0	0	0	10	10
2009-03-02 08:05:00	Running	0	10	0	0	0	0	0	0	10	0	78353	3	0	0	0	0	0	10	10
2009-03-02 08:06:01	Running	0	10	0	0	0	0	0	0	10	0	78986	3	0	0	0	0	0	10	10
2009-03-02 08:07:01	Running	0	10	0	0	0	0	0	0	10	0	78987	3	0	0	0	0	0	10	10
2009-03-02 08:08:01	Running	0	10	0	0	0	0	0	0	10	0	78988	3	0	0	0	0	0	10	10
2009-03-02 08:09:01	Running	0	10	0	0	0	0	0	0	10	0	79690	3	0	0	0	0	0	10	10
2009-03-02 08:10:01	Running	0	10	0	0	0	0	0	0	10	0	79692	3	0	0	0	0	0	10	10
2009-03-02 08:11:02	Running	0	10	0	0	0	0	0	0	10	0	79693	3	0	0	0	0	0	10	10
2009-03-02 08:12:02	Running	0	10	0	0	0	0	0	0	10	0	79694	3	0	0	0	0	0	10	10
2009-03-02 08:13:02	Running	0	10	0	0	0	0	0	0	10	0	80403	3	0	0	0	0	0	10	10
2009-03-02 08:14:02	Running	0	10	0	0	0	0	0	0	10	0	81113	3	0	0	0	0	0	10	10
2009-03-02 08:15:02	Running	0	10	0	0	0	0	0	0	10	0	81115	3	0	0	0	0	0	10	10
2009-03-02 08:16:00	Running	0	10	0	0	0	0	0	0	10	0	81820	3	0	0	0	0	0	10	10
2009-03-02 08:17:00	Running	0	10	0	0	0	0	0	0	10	0	81851	3	0	0	0	0	0	10	10
2009-03-02 08:18:00	Running	0	10	0	0	0	0	0	0	10	0	81854	3	0	0	0	0	0	10	10
2009-03-02 08:19:00	Running	0	10	0	0	0	0	0	0	10	0	81860	3	0	0	0	0	0	10	10
2009-03-02 08:20:00	Running	0	10	0	0	0	0	0	0	10	0	81863	3	0	0	0	0	0	10	10
2009-03-02 08:21:01	Running	0	10	0	0	0	0	0	0	10	0	81875	3	0	0	0	0	0	10	10
2009-03-02 08:22:01	Running	0	10	0	0	0	0	0	0	10	0	82583	3	0	0	0	0	0	10	10
2009-03-02 08:23:01	Running	0	10	0	0	0	0	0	0	10	0	82587	3	0	0	0	0	0	10	10
2009-03-02 08:24:01	Running	0	10	0	0	0	0	0	0	10	0	82591	3	0	0	0	0	0	10	10
2009-03-02 08:25:01	Running	0	10	0	0	0	0	0	0	10	0	82605	3	0	0	0	0	0	10	10
2009-03-02 08:26:02	Running	0	10	0	0	0	0	0	0	10	0	82632	3	0	1	0	0	0	9	10
2009-03-02 08:27:02	Running	0	10	0	0	0	0	0	0	10	0	82655	3	0	0	0	0	0	10	10
2009-03-02 08:28:02	Running	0	10	0	0	0	0	0	0	10	0	82672	3	0	0	0	0	0	10	10
2009-03-02 08:29:02	Running	0	10	0	0	0	0	0	0	10	0	82690	3	0	0	0	0	0	10	10
2009-03-02 08:30:02	Running	0	10	0	0	0	0	0	0	10	0	83372	3	0	0	0	0	0	10	10
2009-03-02 08:31:00	Running	0	10	0	0	0	0	0	0	10	0	83389	3	0	1	0	0	0	9	10
2009-03-02 08:32:00	Running	0	10	0	0	0	0	0	0	10	0	84114	3	0	0	0	0	0	10	10
2009-03-02 08:33:00	Running	0	10	0	0	0	0	0	0	10	0	84133	3	0	0	0	0	0	10	10
2009-03-02 08:34:00	Running	0	10	0	0	0	0	0	0	10	0	84150	3	0	0	0	0	0	10	10
2009-03-02 08:35:00	Running	0	10	0	0	0	0	0	0	10	0	84163	3	0	0	0	0	0	10	10
2009-03-02 08:36:01	Running	0	10	0	0	0	0	0	0	10	0	84185	3	0	0	0	0	0	10	10
2009-03-02 08:37:01	Running	0	10	0	0	0	0	0	0	10	0	84900	3	0	0	0	0	0	10	10
2009-03-02 08:38:01	Running	0	10	0	0	0	0	0	0	10	0	84938	3	0	0	0	0	0	10	10
2009-03-02 08:39:01	Running	0	10	0	0	0	0	0	0	10	0	84959	3	0	0	0	0	0	10	10
2009-03-02 08:40:01	Running	0	10	0	0	0	0	0	0	10	0	84973	3	0	0	0	0	0	10	10
2009-03-02 08:41:02	Running	0	10	0	0	0	0	0	0	10	0	85652	3	0	0	0	0	0	10	10
2009-03-02 08:42:02	Running	0	10	0	0	0	0	0	0	10	0	85681	3	0	0	0	0	0	10	10
2009-03-02 08:43:02	Running	0	10	0	0	0	0	0	0	10	0	86390	3	0	0	0	0	0	10	10
2009-03-02 08:44:02	Running	0	10	0	0	0	0	0	0	10	0	86403	3	0	0	0	0	0	10	10
2009-03-02 08:45:02	Running	0	10	0	0	0	0	0	0	10	0	86421	3	0	0	0	0	0	10	10
2009-03-02 08:46:00	Running	0	10	0	0	0	0	0	0	10	0	86423	3	0	0	0	0	0	10	10
2009-03-02 08:47:00	Running	0	10	0	0	0	0	0	0	10	0	87155	3	0	0	0	0	0	10	10
2009-03-02 08:48:00	Running	0	10	0	0	0	0	0	0	10	0	87174	3	0	0	0	0	0	10	10
2009-03-02 08:49:00	Running	0	10	0	0	0	0	0	0	10	0	87187	3	0	0	0	0	0	10	10
2009-03-02 08:50:00	Running	0	10	0	0	0	0	0	0	10	0	87216	3	0	0	0	0	0	10	10
2009-03-02 08:51:01	Running	0	10	0	0	0	0	0	0	10	0	87231	3	0	0	0	0	0	10	10
2009-03-02 08:52:01	Running	0	10	0	0	0	0	0	0	10	0	87245	3	0	0	0	0	0	10	10
2009-03-02 08:53:01	Running	0	10	0	0	0	0	0	0	10	0	87258	3	0	0	0	0	0	10	10
2009-03-02 08:54:01	Running	0	10	0	0	0	0	0	0	10	0	87289	3	0	0	0	0	0	10	10
2009-03-02 08:55:01	Running	0	10	0	0	0	0	0	0	10	0	87302	3	0	0	0	0	0	10	10
2009-03-02 08:56:02	Running	0	10	0	0	0	0	0	0	10	0	87316	3	0	0	0	0	0	10	10
2009-03-02 08:57:02	Running	0	10	0	0	0	0	0	0	10	0	87344	3	0	0	0	0	0	10	10
2009-03-02 08:58:02	Running	0	10	0	0	0	0	0	0	10	0	87374	3	0	0	0	0	0	10	10
2009-03-02 08:59:02	Running	0	10	0	0	0	0	0	0	10	0	88136	3	0	0	0	0	0	10	10
2009-03-02 09:00:02	Running	0	10	0	0	0	0	0	0	10	0	88178	3	0	0	0	0	0	10	10
2009-03-02 09:01:00	Running	0	10	0	0	0	0	0	0	10	0	88187	3	0	0	0	0	0	10	10
2009-03-02 09:02:00	Running	0	10	0	0	0	0	0	0	10	0	88897	3	0	0	0	0	0	10	10
2009-03-02 09:03:00	Running	0	10	0	0	0	0	0	0	10	0	88913	3	0	0	0	0	0	10	10
2009-03-02 09:04:00	Running	0	10	0	0	0	0	0	0	10	0	88937	3	0	0	0	0	0	10	10
2009-03-02 09:05:00	Running	0	10	0	0	0	0	0	0	10	0	89655	3	0	0	0	0	0	10	10
2009-03-02 09:06:01	Running	0	10	0	0	0	0	0	0	10	0	89666	3	0	0	0	0	0	10	10
2009-03-02 09:07:01	Running	0	10	0	0	0	0	0	0	10	0	89682	3	0	0	0	0	0	10	10
2009-03-02 09:08:01	Running	0	10	0	0	0	0	0	0	10	0	90394	3	0	0	0	0	0	10	10
2009-03-02 09:09:01	Running	0	10	0	0	0	0	0	0	10	0	90417	3	0	0	0	0	0	10	10
2009-03-02 09:10:01	Running	0	10	0	0	0	0	0	0	10	0	90436	3	0	1	0	0	0	9	10
2009-03-02 09:11:02	Running	0	10	0	0	0	0	0	0	10	0	90465	3	0	0	0	0	0	10	10
2009-03-02 09:12:02	Running	0	10	0	0	0	0	0	0	10	0	90481	3	0	0	0	0	0	10	10
2009-03-02 09:13:02	Running	0	10	0	0	0	0	0	0	10	0	90515	3	0	0	0	0	0	10	10
2009-03-02 09:14:02	Running	0	10	0	0	0	0	0	0	10	0	90533	3	0	0	0	0	0	10	10
2009-03-02 09:15:02	Running	0	10	0	0	0	0	0	0	10	0	90556	3	0	0	0	0	0	10	10
2009-03-02 09:16:00	Running	0	10	0	0	0	0	0	0	10	0	90587	3	0	0	0	0	0	10	10
2009-03-02 09:17:00	Running	0	10	0	0	0	0	0	0	10	0	90606	3	0	0	0	0	0	10	10
2009-03-02 09:18:00	Running	0	10	0	0	0	0	0	0	10	0	90620	3	0	0	0	0	0	10	10
2009-03-02 09:19:00	Running	0	10	0	0	0	0	0	0	10	0	91362	3	0	0	0	0	0	10	10
2009-03-02 09:20:00	Running	0	10	0	0	0	0	0	0	10	0	92113	3	0	0	0	0	0	10	10
2009-03-02 09:21:01	Running	0	10	0	0	0	0	0	0	10	0	92837	3	0	0	0	0	0	10	10
2009-03-02 09:22:01	Running	0	10	0	0	0	0	0	0	10	0	93560	3	0	0	0	0	0	10	10
2009-03-02 09:23:01	Running	0	10	0	0	0	0	0	0	10	0	93581	3	0	0	0	0	0	10	10
2009-03-02 09:24:01	Running	0	10	0	0	0	0	0	0	10	0	93625	3	0	0	0	0	0	10	10
2009-03-02 09:25:06	Running	0	10	0	0	0	0	0	0	10	0	93661	3	0	1	0	0	0	9	10
2009-03-02 09:26:00	Running	0	10	0	0	0	0	0	0	10	0	93686	3	0	0	0	0	0	10	10
2009-03-02 09:27:00	Running	0	10	0	0	0	0	0	0	10	0	94408	3	0	0	0	0	0	10	10
2009-03-02 09:28:00	Running	0	10	0	0	0	0	0	0	10	0	94458	3	0	0	0	0	0	10	10
2009-03-02 09:29:00	Running	0	10	0	0	0	0	0	0	10	0	94513	3	0	0	0	0	0	10	10
2009-03-02 09:30:01	Running	0	10	0	0	0	0	0	0	10	0	95249	3	0	0	0	0	0	10	10
2009-03-02 09:31:01	Running	0	10	0	0	0	0	0	0	10	0	95287	3	0	0	0	0	0	10	10
2009-03-02 09:32:01	Running	0	10	0	0	0	0	0	0	10	0	95342	3	0	0	0	0	0	10	10
2009-03-02 09:33:01	Running	0	10	0	0	0	0	0	0	10	0	95383	3	0	0	0	0	0	10	10
2009-03-02 09:34:01	Running	0	10	0	0	0	0	0	0	10	0	96111	3	0	0	0	0	0	10	10
2009-03-02 09:35:02	Running	0	10	0	0	0	0	0	0	10	0	96854	3	0	0	0	0	0	10	10
2009-03-02 09:36:02	Running	0	10	0	0	0	0	0	0	10	0	96894	3	0	0	0	0	0	10	10
2009-03-02 09:37:02	Running	0	10	0	0	0	0	0	0	10	0	96919	3	0	0	0	0	0	10	10
2009-03-02 09:38:02	Running	0	10	0	0	0	0	0	0	10	0	96980	3	0	0	0	0	0	10	10
2009-03-02 09:39:02	Running	0	10	0	0	0	0	0	0	10	0	97027	3	0	0	0	0	0	10	10
2009-03-02 09:40:00	Running	0	10	0	0	0	0	0	0	10	0	97045	3	0	0	0	0	0	10	10
2009-03-02 09:41:00	Running	0	10	0	0	0	0	0	0	10	0	97102	3	0	0	0	0	0	10	10
2009-03-02 09:42:00	Running	0	10	0	0	0	0	0	0	10	0	97126	3	0	0	0	0	0	10	10
2009-03-02 09:43:00	Running	0	10	0	0	0	0	0	0	10	0	97850	3	0	0	0	0	0	10	10
2009-03-02 09:44:00	Running	0	10	0	0	0	0	0	0	10	0	97872	3	0	0	0	0	0	10	10
2009-03-02 09:45:01	Running	0	10	0	0	0	0	0	0	10	0	97899	3	0	0	0	0	0	10	10
2009-03-02 09:46:01	Running	0	10	0	0	0	0	0	0	10	0	97961	3	0	0	0	0	0	10	10
2009-03-02 09:47:01	Running	0	10	0	0	0	0	0	0	10	0	98013	3	0	0	0	0	0	10	10
2009-03-02 09:48:01	Running	0	10	0	0	0	0	0	0	10	0	98037	3	0	0	0	0	0	10	10
2009-03-02 09:49:01	Running	0	10	0	0	0	0	0	0	10	0	98061	3	0	0	0	0	0	10	10
2009-03-02 09:50:02	Running	0	10	0	0	0	0	0	0	10	0	98085	3	0	0	0	0	0	10	10
2009-03-02 09:51:02	Running	0	10	0	0	0	0	0	0	10	0	98122	3	0	0	0	0	0	10	10
2009-03-02 09:52:02	Running	0	10	0	0	0	0	0	0	10	0	98861	3	0	0	0	0	0	10	10
2009-03-02 09:53:02	Running	0	10	0	0	0	0	0	0	10	0	98884	3	0	0	0	0	0	10	10
2009-03-02 09:54:02	Running	0	10	0	0	0	0	0	0	10	0	98897	3	0	0	0	0	0	10	10
2009-03-02 09:55:00	Running	0	10	0	0	0	0	0	0	10	0	98923	3	0	0	0	0	0	10	10
2009-03-02 09:56:00	Running	0	10	0	0	0	0	0	0	10	0	98943	3	0	0	0	0	0	10	10
2009-03-02 09:57:00	Running	0	10	0	0	0	0	0	0	10	0	98964	3	0	0	0	0	0	10	10
2009-03-02 09:58:00	Running	0	10	0	0	0	0	0	0	10	0	98982	3	0	0	0	0	0	10	10
2009-03-02 09:59:00	Running	0	10	0	0	0	0	0	0	10	0	98996	3	0	0	0	0	0	10	10
2009-03-02 10:00:01	Running	0	10	0	0	0	0	0	0	10	0	99019	3	0	0	0	0	0	10	10
2009-03-02 10:01:01	Running	0	10	0	0	0	0	0	0	10	0	99047	3	0	0	0	0	0	10	10
2009-03-02 10:02:01	Running	0	10	0	0	0	0	0	0	10	0	99073	3	0	0	0	0	0	10	10
2009-03-02 10:03:01	Running	0	10	0	0	0	0	0	0	10	0	99107	3	0	0	0	0	0	10	10
2009-03-02 10:04:01	Running	0	10	0	0	0	0	0	0	10	0	99135	3	0	0	0	0	0	10	10
2009-03-02 10:05:02	Running	0	10	0	0	0	0	0	0	10	0	99167	3	0	0	0	0	0	10	10
2009-03-02 10:06:02	Running	0	10	0	0	0	0	0	0	10	0	99196	3	0	0	0	0	0	10	10
2009-03-02 10:07:02	Running	0	10	0	0	0	0	0	0	10	0	99223	3	0	0	0	0	0	10	10
2009-03-02 10:08:02	Running	0	10	0	0	0	0	0	0	10	0	99263	3	0	0	0	0	0	10	10
2009-03-02 10:09:02	Running	0	10	0	0	0	0	0	0	10	0	99296	3	0	0	0	0	0	10	10
2009-03-02 10:10:00	Running	0	10	0	0	0	0	0	0	10	0	99315	3	0	0	0	0	0	10	10
2009-03-02 10:11:00	Running	0	10	0	0	0	0	0	0	10	0	99329	3	0	0	0	0	0	10	10
2009-03-02 10:12:00	Running	0	10	0	0	0	0	0	0	10	0	99346	3	0	0	0	0	0	10	10
2009-03-02 10:13:00	Running	0	10	0	0	0	0	0	0	10	0	99364	3	0	0	0	0	0	10	10
2009-03-02 10:14:00	Running	0	10	0	0	0	0	0	0	10	0	99395	3	0	0	0	0	0	10	10
2009-03-02 10:15:01	Running	0	10	0	0	0	0	0	0	10	0	99414	3	0	0	0	0	0	10	10
2009-03-02 10:16:01	Running	0	10	0	0	0	0	0	0	10	0	99454	3	0	0	0	0	0	10	10
2009-03-02 10:17:01	Running	0	10	0	0	0	0	0	0	10	0	99475	3	0	0	0	0	0	10	10
2009-03-02 10:18:01	Running	0	10	0	0	0	0	0	0	10	0	99517	3	0	0	0	0	0	10	10
2009-03-02 10:19:01	Running	0	10	0	0	0	0	0	0	10	0	99528	3	0	0	0	0	0	10	10
2009-03-02 10:20:02	Running	0	10	0	0	0	0	0	0	10	0	99546	3	0	0	0	0	0	10	10
2009-03-02 10:21:02	Running	0	10	0	0	0	0	0	0	10	0	99560	3	0	0	0	0	0	10	10
2009-03-02 10:22:02	Running	0	10	0	0	0	0	0	0	10	0	99565	3	0	0	0	0	0	10	10
2009-03-02 10:23:02	Running	0	10	0	0	0	0	0	0	10	0	99571	3	0	0	0	0	0	10	10
2009-03-02 10:24:02	Running	0	10	0	0	0	0	0	0	10	0	99576	3	0	0	0	0	0	10	10
2009-03-02 10:25:00	Running	0	10	0	0	0	0	0	0	10	0	99609	3	0	0	0	0	0	10	10
2009-03-02 10:26:00	Running	0	10	0	0	0	0	0	0	10	0	99615	3	0	0	0	0	0	10	10
2009-03-02 10:27:00	Running	0	10	0	0	0	0	0	0	10	0	99628	3	0	0	0	0	0	10	10
2009-03-02 10:28:00	Running	0	10	0	0	0	0	0	0	10	0	99644	3	0	0	0	0	0	10	10
2009-03-02 10:29:00	Running	0	10	0	0	0	0	0	0	10	0	99662	3	0	0	0	0	0	10	10
2009-03-02 10:30:01	Running	0	10	0	0	0	0	0	0	10	0	99677	3	0	0	0	0	0	10	10
2009-03-02 10:31:01	Running	0	10	0	0	0	0	0	0	10	0	100388	3	0	0	0	0	0	10	10
2009-03-02 10:32:01	Running	0	10	0	0	0	0	0	0	10	0	100449	3	0	0	0	0	0	10	10
2009-03-02 10:33:01	Running	0	10	0	0	0	0	0	0	10	0	100478	3	0	0	0	0	0	10	10
2009-03-02 10:34:01	Running	0	10	0	0	0	0	0	0	10	0	100496	3	0	0	0	0	0	10	10
2009-03-02 10:35:02	Running	0	10	0	0	0	0	0	0	10	0	100510	3	0	0	0	0	0	10	10
2009-03-02 10:36:02	Running	0	10	0	0	0	0	0	0	10	0	100511	3	0	0	0	0	0	10	10
2009-03-02 10:37:02	Running	0	10	0	0	0	0	0	0	10	0	101228	3	0	0	0	0	0	10	10
2009-03-02 10:38:02	Running	0	10	0	0	0	0	0	0	10	0	101953	3	0	0	0	0	0	10	10
2009-03-02 10:39:02	Running	0	10	0	0	0	0	0	0	10	0	101984	3	0	0	0	0	0	10	10
2009-03-02 10:40:00	Running	0	10	0	0	0	0	0	0	10	0	102009	3	0	0	0	0	0	10	10
2009-03-02 10:41:00	Running	0	10	0	0	0	0	0	0	10	0	102731	3	0	0	0	0	0	10	10
2009-03-02 10:42:00	Running	0	10	0	0	0	0	0	0	10	0	102771	3	0	0	0	0	0	10	10
2009-03-02 10:43:00	Running	0	10	0	0	0	0	0	0	10	0	102800	3	0	0	0	0	0	10	10
2009-03-02 10:44:00	Running	0	10	0	0	0	0	0	0	10	0	103500	3	0	0	0	0	0	10	10
2009-03-02 10:45:01	Running	0	10	0	0	0	0	0	0	10	0	103532	3	0	0	0	0	0	10	10
2009-03-02 10:46:01	Running	0	10	0	0	0	0	0	0	10	0	103550	3	0	0	0	0	0	10	10
2009-03-02 10:47:01	Running	0	10	0	0	0	0	0	0	10	0	103569	3	0	0	0	0	0	10	10
2009-03-02 10:48:01	Running	0	10	0	0	0	0	0	0	10	0	103626	3	0	0	0	0	0	10	10
2009-03-02 10:49:01	Running	0	10	0	0	0	0	0	0	10	0	103649	3	0	0	0	0	0	10	10
2009-03-02 10:50:02	Running	0	10	0	0	0	0	0	0	10	0	103671	3	0	0	0	0	0	10	10
2009-03-02 10:51:02	Running	0	10	0	0	0	0	0	0	10	0	103696	3	0	0	0	0	0	10	10
2009-03-02 10:52:02	Running	0	10	0	0	0	0	0	0	10	0	103722	3	0	0	0	0	0	10	10
2009-03-02 10:53:02	Running	0	10	0	0	0	0	0	0	10	0	103738	3	0	0	0	0	0	10	10
2009-03-02 10:54:02	Running	0	10	0	0	0	0	0	0	10	0	103768	3	0	0	0	0	0	10	10
2009-03-02 10:55:00	Running	0	10	0	0	0	0	0	0	10	0	103779	3	0	0	0	0	0	10	10
2009-03-02 10:56:00	Running	0	10	0	0	0	0	0	0	10	0	103794	3	0	0	0	0	0	10	10
2009-03-02 10:57:00	Running	0	10	0	0	0	0	0	0	10	0	103801	3	0	0	0	0	0	10	10
2009-03-02 10:58:00	Running	0	10	0	0	0	0	0	0	10	0	103815	3	0	0	0	0	0	10	10
2009-03-02 10:59:00	Running	0	10	0	0	0	0	0	0	10	0	103853	3	0	0	0	0	0	10	10
2009-03-02 11:00:01	Running	0	10	0	0	0	0	0	0	10	0	103912	3	0	0	0	0	0	10	10
2009-03-02 11:01:01	Running	0	10	0	0	0	0	0	0	10	0	103925	3	0	0	0	0	0	10	10
2009-03-02 11:02:01	Running	0	10	0	0	0	0	0	0	10	0	103991	3	0	0	0	0	0	10	10
2009-03-02 11:03:01	Running	0	10	0	0	0	0	0	0	10	0	104016	3	0	0	0	0	0	10	10
2009-03-02 11:04:01	Running	0	10	0	0	0	0	0	0	10	0	104042	3	0	0	0	0	0	10	10
2009-03-02 11:05:02	Running	0	10	0	0	0	0	0	0	10	0	104093	3	0	0	0	0	0	10	10
2009-03-02 11:06:02	Running	0	10	0	0	0	0	0	0	10	0	104101	3	0	0	0	0	0	10	10
2009-03-02 11:07:02	Running	0	10	0	0	0	0	0	0	10	0	104118	3	0	0	0	0	0	10	10
2009-03-02 11:08:02	Running	0	10	0	0	0	0	0	0	10	0	104127	3	0	0	0	0	0	10	10
2009-03-02 11:09:02	Running	0	10	0	0	0	0	0	0	10	0	104132	3	0	0	0	0	0	10	10
2009-03-02 11:10:00	Running	0	10	0	0	0	0	0	0	10	0	104150	3	0	0	0	0	0	10	10
2009-03-02 11:11:00	Running	0	10	0	0	0	0	0	0	10	0	104174	3	0	0	0	0	0	10	10
2009-03-02 11:12:00	Running	0	10	0	0	0	0	0	0	10	0	104200	3	0	0	0	0	0	10	10
2009-03-02 11:13:00	Running	0	10	0	0	0	0	0	0	10	0	104233	3	0	0	0	0	0	10	10
2009-03-02 11:14:00	Running	0	10	0	0	0	0	0	0	10	0	104944	3	0	0	0	0	0	10	10
2009-03-02 11:15:01	Running	0	10	0	0	0	0	0	0	10	0	104953	3	0	0	0	0	0	10	10
2009-03-02 11:16:01	Running	0	10	0	0	0	0	0	0	10	0	105010	3	0	0	0	0	0	10	10
2009-03-02 11:17:01	Running	0	10	0	0	0	0	0	0	10	0	105093	3	0	0	0	0	0	10	10
2009-03-02 11:18:01	Running	0	10	0	0	0	0	0	0	10	0	105174	3	0	0	0	0	0	10	10
2009-03-02 11:19:01	Running	0	10	0	0	0	0	0	0	10	0	105937	3	0	0	0	0	0	10	10
2009-03-02 11:20:02	Running	0	10	0	0	0	0	0	0	10	0	105956	3	0	0	0	0	0	10	10
2009-03-02 11:21:02	Running	0	10	0	0	0	0	0	0	10	0	105990	3	0	0	0	0	0	10	10
2009-03-02 11:22:02	Running	0	10	0	0	0	0	0	0	10	0	106020	3	0	0	0	0	0	10	10
2009-03-02 11:23:02	Running	0	10	0	0	0	0	0	0	10	0	106045	3	0	0	0	0	0	10	10
2009-03-02 11:24:02	Running	0	10	0	0	0	0	0	0	10	0	106082	3	0	0	0	0	0	10	10
2009-03-02 11:25:00	Running	0	10	0	0	0	0	0	0	10	0	106102	3	0	0	0	0	0	10	10
2009-03-02 11:26:00	Running	0	10	0	0	0	0	0	0	10	0	106153	3	0	0	0	0	0	10	10
2009-03-02 11:27:00	Running	0	10	0	0	0	0	0	0	10	0	106175	3	0	0	0	0	0	10	10
2009-03-02 11:28:00	Running	0	10	0	0	0	0	0	0	10	0	106213	3	0	0	0	0	0	10	10
2009-03-02 11:29:00	Running	0	10	0	0	0	0	0	0	10	0	106241	3	0	0	0	0	0	10	10
2009-03-02 11:30:01	Running	0	10	0	0	0	0	0	0	10	0	106974	3	0	0	0	0	0	10	10
2009-03-02 11:31:01	Running	0	10	0	0	0	0	0	0	10	0	107016	3	0	0	0	0	0	10	10
2009-03-02 11:32:01	Running	0	10	0	0	0	0	0	0	10	0	107060	3	0	0	0	0	0	10	10
2009-03-02 11:33:01	Running	0	10	0	0	0	0	0	0	10	0	107082	3	0	0	0	0	0	10	10
2009-03-02 11:34:01	Running	0	10	0	0	0	0	0	0	10	0	107096	3	0	0	0	0	0	10	10
2009-03-02 11:35:02	Running	0	10	0	0	0	0	0	0	10	0	107827	3	0	0	0	0	0	10	10
2009-03-02 11:36:02	Running	0	10	0	0	0	0	0	0	10	0	107869	3	0	0	0	0	0	10	10
2009-03-02 11:37:02	Running	0	10	0	0	0	0	0	0	10	0	107933	3	0	0	0	0	0	10	10
2009-03-02 11:38:02	Running	0	10	0	0	0	0	0	0	10	0	107942	3	0	2	0	0	0	8	10
2009-03-02 11:39:02	Running	0	10	0	0	0	0	0	0	10	0	107959	3	0	0	0	0	0	10	10
2009-03-02 11:40:00	Running	0	10	0	0	0	0	0	0	10	0	107961	3	0	0	0	0	0	10	10
2009-03-02 11:41:00	Running	0	10	0	0	0	0	0	0	10	0	107983	3	0	0	0	0	0	10	10
2009-03-02 11:42:00	Running	0	10	0	0	0	0	0	0	10	0	107984	3	0	0	0	0	0	10	10
2009-03-02 11:43:00	Running	0	10	0	0	0	0	0	0	10	0	107988	3	0	0	0	0	0	10	10
2009-03-02 11:44:00	Running	0	10	0	0	0	0	0	0	10	0	107989	3	0	0	0	0	0	10	10
2009-03-02 11:45:01	Running	0	10	0	0	0	0	0	0	10	0	107995	3	0	0	0	0	0	10	10
2009-03-02 11:46:01	Running	0	10	0	0	0	0	0	0	10	0	108015	3	0	0	0	0	0	10	10
2009-03-02 11:47:01	Running	0	10	0	0	0	0	0	0	10	0	108021	3	0	0	0	0	0	10	10
2009-03-02 11:48:01	Running	0	10	0	0	0	0	0	0	10	0	108728	3	0	0	0	0	0	10	10
2009-03-02 11:49:01	Running	0	10	0	0	0	0	0	0	10	0	108738	3	0	0	0	0	0	10	10
2009-03-02 11:50:02	Running	0	10	0	0	0	0	0	0	10	0	108743	3	0	0	0	0	0	10	10
2009-03-02 11:51:02	Running	0	10	0	0	0	0	0	0	10	0	108754	3	0	0	0	0	0	10	10
2009-03-02 11:52:02	Running	0	10	0	0	0	0	0	0	10	0	109464	3	0	0	0	0	0	10	10
2009-03-02 11:53:02	Running	0	10	0	0	0	0	0	0	10	0	109491	3	0	0	0	0	0	10	10
2009-03-02 11:54:02	Running	0	10	0	0	0	0	0	0	10	0	109496	3	0	0	0	0	0	10	10
2009-03-02 11:55:00	Running	0	10	0	0	0	0	0	0	10	0	109503	3	0	1	0	0	0	9	10
2009-03-02 11:56:00	Running	0	10	0	0	0	0	0	0	10	0	109510	3	0	0	0	0	0	10	10
2009-03-02 11:57:00	Running	0	10	0	0	0	0	0	0	10	0	109517	3	0	0	0	0	0	10	10
2009-03-02 11:58:00	Running	0	10	0	0	0	0	0	0	10	0	109537	3	0	0	0	0	0	10	10
2009-03-02 11:59:00	Running	0	10	0	0	0	0	0	0	10	0	109559	3	0	0	0	0	0	10	10
2009-03-02 12:00:01	Running	0	10	0	0	0	0	0	0	10	0	109579	3	0	0	0	0	0	10	10
2009-03-02 12:01:01	Running	0	10	0	0	0	0	0	0	10	0	109594	3	0	0	0	0	0	10	10
2009-03-02 12:02:01	Running	0	10	0	0	0	0	0	0	10	0	109597	3	0	0	0	0	0	10	10
2009-03-02 12:03:01	Running	0	10	0	0	0	0	0	0	10	0	109615	3	0	0	0	0	0	10	10
2009-03-02 12:04:01	Running	0	10	0	0	0	0	0	0	10	0	109622	3	0	0	0	0	0	10	10
2009-03-02 12:05:02	Running	0	10	0	0	0	0	0	0	10	0	109627	3	0	0	0	0	0	10	10
2009-03-02 12:06:02	Running	0	10	0	0	0	0	0	0	10	0	109653	3	0	0	0	0	0	10	10
2009-03-02 12:07:02	Running	0	10	0	0	0	0	0	0	10	0	109669	3	0	0	0	0	0	10	10
2009-03-02 12:08:02	Running	0	10	0	0	0	0	0	0	10	0	109701	3	0	0	0	0	0	10	10
2009-03-02 12:09:02	Running	0	10	0	0	0	0	0	0	10	0	109728	3	0	0	0	0	0	10	10
2009-03-02 12:10:00	Running	0	10	0	0	0	0	0	0	10	0	109731	3	0	0	0	0	0	10	10
2009-03-02 12:11:00	Running	0	10	0	0	0	0	0	0	10	0	109740	3	0	0	0	0	0	10	10
2009-03-02 12:12:00	Running	0	10	0	0	0	0	0	0	10	0	109757	3	0	0	0	0	0	10	10
2009-03-02 12:13:00	Running	0	10	0	0	0	0	0	0	10	0	109774	3	0	0	0	0	0	10	10
2009-03-02 12:14:00	Running	0	10	0	0	0	0	0	0	10	0	109793	3	0	0	0	0	0	10	10
2009-03-02 12:15:01	Running	0	10	0	0	0	0	0	0	10	0	109812	3	0	0	0	0	0	10	10
2009-03-02 12:16:01	Running	0	10	0	0	0	0	0	0	10	0	109920	3	0	1	0	0	0	9	10
2009-03-02 12:17:01	Running	0	10	0	0	0	0	0	0	10	0	110085	3	0	0	0	0	0	10	10
2009-03-02 12:18:01	Running	0	10	0	0	0	0	0	0	10	0	110128	3	0	0	0	0	0	10	10
2009-03-02 12:19:01	Running	0	10	0	0	0	0	0	0	10	0	110154	3	0	0	0	0	0	10	10
2009-03-02 12:20:02	Running	0	10	0	0	0	0	0	0	10	0	110234	3	0	0	0	0	0	10	10
2009-03-02 12:21:02	Running	0	10	0	0	0	0	0	0	10	0	110265	3	0	0	0	0	0	10	10
2009-03-02 12:22:02	Running	0	10	0	0	0	0	0	0	10	0	110313	3	0	0	0	0	0	10	10
2009-03-02 12:23:02	Running	0	10	0	0	0	0	0	0	10	0	110402	3	0	0	0	0	0	10	10
2009-03-02 12:24:02	Running	0	10	0	0	0	0	0	0	10	0	110438	3	0	0	0	0	0	10	10
2009-03-02 12:25:00	Running	0	10	0	0	0	0	0	0	10	0	110438	3	0	0	0	0	0	10	10
2009-03-02 12:26:00	Running	0	10	0	0	0	0	0	0	10	0	110440	3	0	0	0	0	0	10	10
2009-03-02 12:27:00	Running	0	10	0	0	0	0	0	0	10	0	110441	3	0	0	0	0	0	10	10
2009-03-02 12:28:00	Running	0	10	0	0	0	0	0	0	10	0	110443	3	0	0	0	0	0	10	10
2009-03-02 12:29:00	Running	0	10	0	0	0	0	0	0	10	0	111145	3	0	0	0	0	0	10	10
2009-03-02 12:30:01	Running	0	10	0	0	0	0	0	0	10	0	111148	3	0	0	0	0	0	10	10
2009-03-02 12:31:01	Running	0	10	0	0	0	0	0	0	10	0	111150	3	0	0	0	0	0	10	10
2009-03-02 12:32:01	Running	0	10	0	0	0	0	0	0	10	0	111156	3	0	0	0	0	0	10	10
2009-03-02 12:33:01	Running	0	10	0	0	0	0	0	0	10	0	111169	3	0	0	0	0	0	10	10
2009-03-02 12:34:01	Running	0	10	0	0	0	0	0	0	10	0	111177	3	0	0	0	0	0	10	10
2009-03-02 12:35:02	Running	0	10	0	0	0	0	0	0	10	0	111192	3	0	0	0	0	0	10	10
2009-03-02 12:36:02	Running	0	10	0	0	0	0	0	0	10	0	111218	3	0	0	0	0	0	10	10
2009-03-02 12:37:02	Running	0	10	0	0	0	0	0	0	10	0	111246	3	0	0	0	0	0	10	10
2009-03-02 12:38:02	Running	0	10	0	0	0	0	0	0	10	0	111248	3	0	0	0	0	0	10	10
2009-03-02 12:39:02	Running	0	10	0	0	0	0	0	0	10	0	111952	3	0	0	0	0	0	10	10
2009-03-02 12:40:00	Running	0	10	0	0	0	0	0	0	10	0	111959	3	0	0	0	0	0	10	10
2009-03-02 12:41:00	Running	0	10	0	0	0	0	0	0	10	0	112010	3	0	0	0	0	0	10	10
2009-03-02 12:42:00	Running	0	10	0	0	0	0	0	0	10	0	112018	3	0	0	0	0	0	10	10
2009-03-02 12:43:00	Running	0	10	0	0	0	0	0	0	10	0	112041	3	0	0	0	0	0	10	10
2009-03-02 12:44:00	Running	0	10	0	0	0	0	0	0	10	0	112053	3	0	0	0	0	0	10	10
2009-03-02 12:45:01	Running	0	10	0	0	0	0	0	0	10	0	112064	3	0	0	0	0	0	10	10
2009-03-02 12:46:01	Running	0	10	0	0	0	0	0	0	10	0	112085	3	0	0	0	0	0	10	10
2009-03-02 12:47:01	Running	0	10	0	0	0	0	0	0	10	0	112095	3	0	0	0	0	0	10	10
2009-03-02 12:48:01	Running	0	10	0	0	0	0	0	0	10	0	112097	3	0	0	0	0	0	10	10
2009-03-02 12:49:01	Running	0	10	0	0	0	0	0	0	10	0	112100	3	0	0	0	0	0	10	10
2009-03-02 12:50:02	Running	0	10	0	0	0	0	0	0	10	0	112805	3	0	0	0	0	0	10	10
2009-03-02 12:51:02	Running	0	10	0	0	0	0	0	0	10	0	112808	3	0	0	0	0	0	10	10
2009-03-02 12:52:02	Running	0	10	0	0	0	0	0	0	10	0	112811	3	0	0	0	0	0	10	10
2009-03-02 12:53:02	Running	0	10	0	0	0	0	0	0	10	0	112814	3	0	0	0	0	0	10	10
2009-03-02 12:54:01	Running	0	10	0	0	0	0	0	0	10	0	112820	3	0	0	0	0	0	10	10
2009-03-02 12:55:01	Running	0	10	0	0	0	0	0	0	10	0	112823	3	0	0	0	0	0	10	10
2009-03-02 12:56:01	Running	0	10	0	0	0	0	0	0	10	0	112826	3	0	0	0	0	0	10	10
2009-03-02 12:57:02	Running	0	10	0	0	0	0	0	0	10	0	112832	3	0	0	0	0	0	10	10
2009-03-02 12:58:02	Running	0	10	0	0	0	0	0	0	10	0	112835	3	0	0	0	0	0	10	10
2009-03-02 12:59:02	Running	0	10	0	0	0	0	0	0	10	0	112839	3	0	0	0	0	0	10	10
2009-03-02 13:00:02	Running	0	10	0	0	0	0	0	0	10	0	112853	3	0	0	0	0	0	10	10
2009-03-02 13:01:02	Running	0	10	0	0	0	0	0	0	10	0	112855	3	0	0	0	0	0	10	10
2009-03-02 13:02:00	Running	0	10	0	0	0	0	0	0	10	0	112858	3	0	0	0	0	0	10	10
2009-03-02 13:03:00	Running	0	10	0	0	0	0	0	0	10	0	112860	3	0	0	0	0	0	10	10
2009-03-02 13:04:00	Running	0	10	0	0	0	0	0	0	10	0	112863	3	0	0	0	0	0	10	10
2009-03-02 13:05:00	Running	0	10	0	0	0	0	0	0	10	0	112865	3	0	0	0	0	0	10	10
2009-03-02 13:06:00	Running	0	10	0	0	0	0	0	0	10	0	112868	3	0	0	0	0	0	10	10
2009-03-02 13:07:01	Running	0	10	0	0	0	0	0	0	10	0	112871	3	0	0	0	0	0	10	10
2009-03-02 13:08:01	Running	0	10	0	0	0	0	0	0	10	0	112885	3	0	0	0	0	0	10	10
2009-03-02 13:09:01	Running	0	10	0	0	0	0	0	0	10	0	112901	3	0	0	0	0	0	10	10
2009-03-02 13:10:01	Running	0	10	0	0	0	0	0	0	10	0	112904	3	0	0	0	0	0	10	10
2009-03-02 13:11:01	Running	0	10	0	0	0	0	0	0	10	0	112906	3	0	0	0	0	0	10	10
2009-03-02 13:12:02	Running	0	10	0	0	0	0	0	0	10	0	112909	3	0	0	0	0	0	10	10
2009-03-02 13:13:02	Running	0	10	0	0	0	0	0	0	10	0	112911	3	0	0	0	0	0	10	10
2009-03-02 13:14:02	Running	0	10	0	0	0	0	0	0	10	0	112914	3	0	0	0	0	0	10	10
2009-03-02 13:15:02	Running	0	10	0	0	0	0	0	0	10	0	112920	3	0	0	0	0	0	10	10
2009-03-02 13:16:02	Running	0	10	0	0	0	0	0	0	10	0	112930	3	0	0	0	0	0	10	10
2009-03-02 13:17:00	Running	0	10	0	0	0	0	0	0	10	0	112932	3	0	0	0	0	0	10	10
2009-03-02 13:18:00	Running	0	10	0	0	0	0	0	0	10	0	112935	3	0	0	0	0	0	10	10
2009-03-02 13:19:00	Running	0	10	0	0	0	0	0	0	10	0	112952	3	0	0	0	0	0	10	10
2009-03-02 13:20:00	Running	0	10	0	0	0	0	0	0	10	0	112960	3	0	0	0	0	0	10	10
2009-03-02 13:21:00	Running	0	10	0	0	0	0	0	0	10	0	112968	3	0	0	0	0	0	10	10
2009-03-02 13:22:01	Running	0	10	0	0	0	0	0	0	10	0	112987	3	0	0	0	0	0	10	10
2009-03-02 13:23:01	Running	0	10	0	0	0	0	0	0	10	0	113049	3	0	0	0	0	0	10	10
2009-03-02 13:24:01	Running	0	10	0	0	0	0	0	0	10	0	113092	3	0	0	0	0	0	10	10
2009-03-02 13:25:01	Running	0	10	0	0	0	0	0	0	10	0	113108	3	0	0	0	0	0	10	10
2009-03-02 13:26:01	Running	0	10	0	0	0	0	0	0	10	0	113115	3	0	0	0	0	0	10	10
2009-03-02 13:27:02	Running	0	10	0	0	0	0	0	0	10	0	113128	3	0	0	0	0	0	10	10
2009-03-02 13:28:02	Running	0	10	0	0	0	0	0	0	10	0	113135	3	0	0	0	0	0	10	10
2009-03-02 13:29:02	Running	0	10	0	0	0	0	0	0	10	0	113144	3	0	0	0	0	0	10	10
2009-03-02 13:30:02	Running	0	10	0	0	0	0	0	0	10	0	113147	3	0	0	0	0	0	10	10
2009-03-02 13:31:02	Running	0	10	0	0	0	0	0	0	10	0	113149	3	0	0	0	0	0	10	10
2009-03-02 13:32:00	Running	0	10	0	0	0	0	0	0	10	0	113156	3	0	0	0	0	0	10	10
2009-03-02 13:33:00	Running	0	10	0	0	0	0	0	0	10	0	113186	3	0	0	0	0	0	10	10
2009-03-02 13:34:00	Running	0	10	0	0	0	0	0	0	10	0	113203	3	0	0	0	0	0	10	10
2009-03-02 13:35:00	Running	0	10	0	0	0	0	0	0	10	0	113222	3	0	0	0	0	0	10	10
2009-03-02 13:36:00	Running	0	10	0	0	0	0	0	0	10	0	113234	3	0	0	0	0	0	10	10
2009-03-02 13:37:01	Running	0	10	0	0	0	0	0	0	10	0	113254	3	0	0	0	0	0	10	10
2009-03-02 13:38:01	Running	0	10	0	0	0	0	0	0	10	0	113265	3	0	0	0	0	0	10	10
2009-03-02 13:39:01	Running	0	10	0	0	0	0	0	0	10	0	113271	3	0	0	0	0	0	10	10
2009-03-02 13:40:01	Running	0	10	0	0	0	0	0	0	10	0	113281	3	0	0	0	0	0	10	10
2009-03-02 13:41:01	Running	0	10	0	0	0	0	0	0	10	0	113288	3	0	0	0	0	0	10	10
2009-03-02 13:42:02	Running	0	10	0	0	0	0	0	0	10	0	113292	3	0	0	0	0	0	10	10
2009-03-02 13:43:02	Running	0	10	0	0	0	0	0	0	10	0	113294	3	0	0	0	0	0	10	10
2009-03-02 13:44:02	Running	0	10	0	0	0	0	0	0	10	0	113297	3	0	0	0	0	0	10	10
2009-03-02 13:45:02	Running	0	10	0	0	0	0	0	0	10	0	113305	3	0	0	0	0	0	10	10
2009-03-02 13:46:02	Running	0	10	0	0	0	0	0	0	10	0	113315	3	0	0	0	0	0	10	10
2009-03-02 13:47:00	Running	0	10	0	0	0	0	0	0	10	0	113324	3	0	0	0	0	0	10	10
2009-03-02 13:48:00	Running	0	10	0	0	0	0	0	0	10	0	113333	3	0	0	0	0	0	10	10
2009-03-02 13:49:00	Running	0	10	0	0	0	0	0	0	10	0	113337	3	0	0	0	0	0	10	10
2009-03-02 13:50:00	Running	0	10	0	0	0	0	0	0	10	0	113340	3	0	0	0	0	0	10	10
2009-03-02 13:51:00	Running	0	10	0	0	0	0	0	0	10	0	113342	3	0	0	0	0	0	10	10
2009-03-02 13:52:01	Running	0	10	0	0	0	0	0	0	10	0	113345	3	0	0	0	0	0	10	10
2009-03-02 13:53:01	Running	0	10	0	0	0	0	0	0	10	0	113347	3	0	0	0	0	0	10	10
2009-03-02 13:54:01	Running	0	10	0	0	0	0	0	0	10	0	113351	3	0	0	0	0	0	10	10
2009-03-02 13:55:01	Running	0	10	0	0	0	0	0	0	10	0	113358	3	0	0	0	0	0	10	10
2009-03-02 13:56:01	Running	0	10	0	0	0	0	0	0	10	0	113365	3	0	0	0	0	0	10	10
2009-03-02 13:57:02	Running	0	10	0	0	0	0	0	0	10	0	113384	3	0	0	0	0	0	10	10
2009-03-02 13:58:02	Running	0	10	0	0	0	0	0	0	10	0	113390	3	0	0	0	0	0	10	10
2009-03-02 13:59:02	Running	0	10	0	0	0	0	0	0	10	0	113392	3	0	0	0	0	0	10	10
2009-03-02 14:00:02	Running	0	10	0	0	0	0	0	0	10	0	113399	3	0	0	0	0	0	10	10
2009-03-02 14:01:02	Running	0	10	0	0	0	0	0	0	10	0	113419	3	0	0	0	0	0	10	10
2009-03-02 14:02:00	Running	0	10	0	0	0	0	0	0	10	0	113433	3	0	0	0	0	0	10	10
2009-03-02 14:03:00	Running	0	10	0	0	0	0	0	0	10	0	113449	3	0	0	0	0	0	10	10
2009-03-02 14:04:00	Running	0	10	0	0	0	0	0	0	10	0	113459	3	0	0	0	0	0	10	10
2009-03-02 14:05:00	Running	0	10	0	0	0	0	0	0	10	0	113460	3	0	0	0	0	0	10	10
2009-03-02 14:06:00	Running	0	10	0	0	0	0	0	0	10	0	113463	3	0	0	0	0	0	10	10
2009-03-02 14:07:01	Running	0	10	0	0	0	0	0	0	10	0	113465	3	0	0	0	0	0	10	10
2009-03-02 14:08:01	Running	0	10	0	0	0	0	0	0	10	0	113470	3	0	0	0	0	0	10	10
2009-03-02 14:09:01	Running	0	10	0	0	0	0	0	0	10	0	114189	3	0	0	0	0	0	10	10
2009-03-02 14:10:01	Running	0	10	0	0	0	0	0	0	10	0	114206	3	0	0	0	0	0	10	10
2009-03-02 14:11:01	Running	0	10	0	0	0	0	0	0	10	0	114228	3	0	0	0	0	0	10	10
2009-03-02 14:12:02	Running	0	10	0	0	0	0	0	0	10	0	114246	3	0	0	0	0	0	10	10
2009-03-02 14:13:02	Running	0	10	0	0	0	0	0	0	10	0	114259	3	0	0	0	0	0	10	10
2009-03-02 14:14:02	Running	0	10	0	0	0	0	0	0	10	0	114269	3	0	0	0	0	0	10	10
2009-03-02 14:15:02	Running	0	10	0	0	0	0	0	0	10	0	114286	3	0	0	0	0	0	10	10
2009-03-02 14:16:02	Running	0	10	0	0	0	0	0	0	10	0	114311	3	0	0	0	0	0	10	10
2009-03-02 14:17:00	Running	0	10	0	0	0	0	0	0	10	0	114330	3	0	0	0	0	0	10	10
2009-03-02 14:18:00	Running	0	10	0	0	0	0	0	0	10	0	114344	3	0	0	0	0	0	10	10
2009-03-02 14:19:00	Running	0	10	0	0	0	0	0	0	10	0	114359	3	0	0	0	0	0	10	10
2009-03-02 14:20:00	Running	0	10	0	0	0	0	0	0	10	0	114386	3	0	0	0	0	0	10	10
2009-03-02 14:21:00	Running	0	10	0	0	0	0	0	0	10	0	114399	3	0	0	0	0	0	10	10
2009-03-02 14:22:01	Running	0	10	0	0	0	0	0	0	10	0	114422	3	0	0	0	0	0	10	10
2009-03-02 14:23:01	Running	0	10	0	0	0	0	0	0	10	0	115150	3	0	0	0	0	0	10	10
2009-03-02 14:24:01	Running	0	10	0	0	0	0	0	0	10	0	115158	3	0	0	0	0	0	10	10
2009-03-02 14:25:01	Running	0	10	0	0	0	0	0	0	10	0	115194	3	0	0	0	0	0	10	10
2009-03-02 14:26:01	Running	0	10	0	0	0	0	0	0	10	0	115227	3	0	0	0	0	0	10	10
2009-03-02 14:27:02	Running	0	10	0	0	0	0	0	0	10	0	115277	3	0	0	0	0	0	10	10
2009-03-02 14:28:02	Running	0	10	0	0	0	0	0	0	10	0	115297	3	0	0	0	0	0	10	10
2009-03-02 14:29:02	Running	0	10	0	0	0	0	0	0	10	0	115322	3	0	0	0	0	0	10	10
2009-03-02 14:30:02	Running	0	10	0	0	0	0	0	0	10	0	115362	3	0	1	0	0	0	9	10
2009-03-02 14:31:02	Running	0	10	0	0	0	0	0	0	10	0	115403	3	0	0	0	0	0	10	10
2009-03-02 14:32:00	Running	0	10	0	0	0	0	0	0	10	0	115428	3	0	0	0	0	0	10	10
2009-03-02 14:33:00	Running	0	10	0	0	0	0	0	0	10	0	115458	3	0	0	0	0	0	10	10
2009-03-02 14:34:00	Running	0	10	0	0	0	0	0	0	10	0	115471	3	0	0	0	0	0	10	10
2009-03-02 14:35:00	Running	0	10	0	0	0	0	0	0	10	0	115490	3	0	0	0	0	0	10	10
2009-03-02 14:36:00	Running	0	10	0	0	0	0	0	0	10	0	115511	3	0	0	0	0	0	10	10
2009-03-02 14:37:01	Running	0	10	0	0	0	0	0	0	10	0	115535	3	0	0	0	0	0	10	10
2009-03-02 14:38:01	Running	0	10	0	0	0	0	0	0	10	0	115554	3	0	0	0	0	0	10	10
2009-03-02 14:39:01	Running	0	10	0	0	0	0	0	0	10	0	115597	3	0	0	0	0	0	10	10
2009-03-02 14:40:01	Running	0	10	0	0	0	0	0	0	10	0	115610	3	0	0	0	0	0	10	10
2009-03-02 14:41:01	Running	0	10	0	0	0	0	0	0	10	0	116359	3	0	0	0	0	0	10	10
2009-03-02 14:42:02	Running	0	10	0	0	0	0	0	0	10	0	116424	3	0	0	0	0	0	10	10
2009-03-02 14:43:02	Running	0	10	0	0	0	0	0	0	10	0	116498	3	0	0	0	0	0	10	10
2009-03-02 14:44:02	Running	0	10	0	0	0	0	0	0	10	0	117238	3	0	0	0	0	0	10	10
2009-03-02 14:45:02	Running	0	10	0	0	0	0	0	0	10	0	117275	3	0	0	0	0	0	10	10
2009-03-02 14:46:02	Running	0	10	0	0	0	0	0	0	10	0	117301	3	0	0	0	0	0	10	10
2009-03-02 14:47:00	Running	0	10	0	0	0	0	0	0	10	0	117331	3	0	0	0	0	0	10	10
2009-03-02 14:48:00	Running	0	10	0	0	0	0	0	0	10	0	117389	3	0	0	0	0	0	10	10
2009-03-02 14:49:00	Running	0	10	0	0	0	0	0	0	10	0	117437	3	0	0	0	0	0	10	10
2009-03-02 14:50:00	Running	0	10	0	0	0	0	0	0	10	0	117507	3	0	0	0	0	0	10	10
2009-03-02 14:51:00	Running	0	10	0	0	0	0	0	0	10	0	117553	3	0	0	0	0	0	10	10
2009-03-02 14:52:01	Running	0	10	0	0	0	0	0	0	10	0	118329	3	0	0	0	0	0	10	10
2009-03-02 14:53:01	Running	0	10	0	0	0	0	0	0	10	0	118365	3	0	0	0	0	0	10	10
2009-03-02 14:54:01	Running	0	10	0	0	0	0	0	0	10	0	118403	3	0	0	0	0	0	10	10
2009-03-02 14:55:01	Running	0	10	0	0	0	0	0	0	10	0	118418	3	0	0	0	0	0	10	10
2009-03-02 14:56:01	Running	0	10	0	0	0	0	0	0	10	0	118473	3	0	0	0	0	0	10	10
2009-03-02 14:57:02	Running	0	10	0	0	0	0	0	0	10	0	118509	3	0	0	0	0	0	10	10
2009-03-02 14:58:02	Running	0	10	0	0	0	0	0	0	10	0	118554	3	0	0	0	0	0	10	10
2009-03-02 14:59:02	Running	0	10	0	0	0	0	0	0	10	0	119284	3	0	0	0	0	0	10	10
2009-03-02 15:00:02	Running	0	10	0	0	0	0	0	0	10	0	119332	3	0	0	0	0	0	10	10
2009-03-02 15:01:02	Running	0	10	0	0	0	0	0	0	10	0	119370	3	0	0	0	0	0	10	10
2009-03-02 15:02:02	Running	0	10	0	0	0	0	0	0	10	0	120110	3	0	0	0	0	0	10	10
2009-03-02 15:03:00	Running	0	10	0	0	0	0	0	0	10	0	120163	3	0	0	0	0	0	10	10
2009-03-02 15:04:00	Running	0	10	0	0	0	0	0	0	10	0	120195	3	0	0	0	0	0	10	10
2009-03-02 15:05:00	Running	0	10	0	0	0	0	0	0	10	0	120232	3	0	0	0	0	0	10	10
2009-03-02 15:06:00	Running	0	10	0	0	0	0	0	0	10	0	120251	3	0	0	0	0	0	10	10
2009-03-02 15:07:00	Running	0	10	0	0	0	0	0	0	10	0	121007	3	0	0	0	0	0	10	10
2009-03-02 15:08:01	Running	0	10	0	0	0	0	0	0	10	0	121061	3	0	0	0	0	0	10	10
2009-03-02 15:09:01	Running	0	10	0	0	0	0	0	0	10	0	121123	3	0	1	0	0	0	9	10
2009-03-02 15:10:01	Running	0	10	0	0	0	0	0	0	10	0	121222	3	0	0	0	0	0	10	10
2009-03-02 15:11:01	Running	0	10	0	0	0	0	0	0	10	0	121269	3	0	0	0	0	0	10	10
2009-03-02 15:12:01	Running	0	10	0	0	0	0	0	0	10	0	121307	3	0	0	0	0	0	10	10
2009-03-02 15:13:02	Running	0	10	0	0	0	0	0	0	10	0	122040	3	0	0	0	0	0	10	10
2009-03-02 15:14:02	Running	0	10	0	0	0	0	0	0	10	0	122077	3	0	0	0	0	0	10	10
2009-03-02 15:15:02	Running	0	10	0	0	0	0	0	0	10	0	122118	3	0	0	0	0	0	10	10
2009-03-02 15:16:02	Running	0	10	0	0	0	0	0	0	10	0	122147	3	0	0	0	0	0	10	10
2009-03-02 15:17:02	Running	0	10	0	0	0	0	0	0	10	0	122195	3	0	0	0	0	0	10	10
2009-03-02 15:18:00	Running	0	10	0	0	0	0	0	0	10	0	122245	3	0	1	0	0	0	9	10
2009-03-02 15:19:00	Running	0	10	0	0	0	0	0	0	10	0	122334	3	0	0	0	0	0	10	10
2009-03-02 15:20:00	Running	0	10	0	0	0	0	0	0	10	0	122383	3	0	0	0	0	0	10	10
2009-03-02 15:21:00	Running	0	10	0	0	0	0	0	0	10	0	122433	3	0	0	0	0	0	10	10
2009-03-02 15:22:00	Running	0	10	0	0	0	0	0	0	10	0	122489	3	0	1	0	0	0	9	10
2009-03-02 15:23:01	Running	0	10	0	0	0	0	0	0	10	0	122543	3	0	0	0	0	0	10	10
2009-03-02 15:24:01	Running	0	10	0	0	0	0	0	0	10	0	122563	3	0	0	0	0	0	10	10
2009-03-02 15:25:01	Running	0	10	0	0	0	0	0	0	10	0	123301	3	0	0	0	0	0	10	10
2009-03-02 15:26:01	Running	0	10	0	0	0	0	0	0	10	0	123362	3	0	0	0	0	0	10	10
2009-03-02 15:27:01	Running	0	10	0	0	0	0	0	0	10	0	123365	3	0	0	0	0	0	10	10
2009-03-02 15:28:02	Running	0	10	0	0	0	0	0	0	10	0	123391	3	0	0	0	0	0	10	10
2009-03-02 15:29:02	Running	0	10	0	0	0	0	0	0	10	0	123436	3	0	0	0	0	0	10	10
2009-03-02 15:30:02	Running	0	10	0	0	0	0	0	0	10	0	123544	3	0	0	0	0	0	10	10
2009-03-02 15:31:02	Running	0	10	0	0	0	0	0	0	10	0	123582	3	0	0	0	0	0	10	10
2009-03-02 15:32:02	Running	0	10	0	0	0	0	0	0	10	0	123616	3	0	0	0	0	0	10	10
2009-03-02 15:33:00	Running	0	10	0	0	0	0	0	0	10	0	123649	3	0	0	0	0	0	10	10
2009-03-02 15:34:00	Running	0	10	0	0	0	0	0	0	10	0	123677	3	0	0	0	0	0	10	10
2009-03-02 15:35:00	Running	0	10	0	0	0	0	0	0	10	0	123719	3	0	0	0	0	0	10	10
2009-03-02 15:36:00	Running	0	10	0	0	0	0	0	0	10	0	124456	3	0	0	0	0	0	10	10
2009-03-02 15:37:00	Running	0	10	0	0	0	0	0	0	10	0	124484	3	0	0	0	0	0	10	10
2009-03-02 15:38:01	Running	0	10	0	0	0	0	0	0	10	0	125242	3	0	0	0	0	0	10	10
2009-03-02 15:39:01	Running	0	10	0	0	0	0	0	0	10	0	126028	3	0	0	0	0	0	10	10
2009-03-02 15:40:01	Running	0	10	0	0	0	0	0	0	10	0	126031	3	0	0	0	0	0	10	10
2009-03-02 15:41:01	Running	0	10	0	0	0	0	0	0	10	0	126752	3	0	0	0	0	0	10	10
2009-03-02 15:42:01	Running	0	10	0	0	0	0	0	0	10	0	126828	3	0	0	0	0	0	10	10
2009-03-02 15:43:02	Running	0	10	0	0	0	0	0	0	10	0	126847	3	0	0	0	0	0	10	10
2009-03-02 15:44:02	Running	0	10	0	0	0	0	0	0	10	0	126876	3	0	0	0	0	0	10	10
2009-03-02 15:45:02	Running	0	10	0	0	0	0	0	0	10	0	126898	3	0	0	0	0	0	10	10
2009-03-02 15:46:02	Running	0	10	0	0	0	0	0	0	10	0	126944	3	0	0	0	0	0	10	10
2009-03-02 15:47:02	Running	0	10	0	0	0	0	0	0	10	0	126960	3	0	0	0	0	0	10	10
2009-03-02 15:48:00	Running	0	10	0	0	0	0	0	0	10	0	127681	3	0	0	0	0	0	10	10
2009-03-02 15:49:00	Running	0	10	0	0	0	0	0	0	10	0	127721	3	0	0	0	0	0	10	10
2009-03-02 15:50:00	Running	0	10	0	0	0	0	0	0	10	0	127749	3	0	0	0	0	0	10	10
2009-03-02 15:51:00	Running	0	10	0	0	0	0	0	0	10	0	127781	3	0	0	0	0	0	10	10
2009-03-02 15:52:00	Running	0	10	0	0	0	0	0	0	10	0	127824	3	0	0	0	0	0	10	10
2009-03-02 15:53:01	Running	0	10	0	0	0	0	0	0	10	0	127837	3	0	0	0	0	0	10	10
2009-03-02 15:54:01	Running	0	10	0	0	0	0	0	0	10	0	127863	3	0	0	0	0	0	10	10
2009-03-02 15:55:01	Running	0	10	0	0	0	0	0	0	10	0	127911	3	0	0	0	0	0	10	10
2009-03-02 15:56:01	Running	0	10	0	0	0	0	0	0	10	0	127973	3	0	1	0	0	0	9	10
2009-03-02 15:57:01	Running	0	10	0	0	0	0	0	0	10	0	128041	3	0	0	0	0	0	10	10
2009-03-02 15:58:02	Running	0	10	0	0	0	0	0	0	10	0	128071	3	0	0	0	0	0	10	10
2009-03-02 15:59:02	Running	0	10	0	0	0	0	0	0	10	0	128096	3	0	0	0	0	0	10	10
2009-03-02 16:00:02	Running	0	10	0	0	0	0	0	0	10	0	128123	3	0	1	0	0	0	9	10
2009-03-02 16:01:02	Running	0	10	0	0	0	0	0	0	10	0	128158	3	0	1	0	0	0	9	10
2009-03-02 16:02:02	Running	0	10	0	0	0	0	0	0	10	0	128212	3	0	0	0	0	0	10	10
2009-03-02 16:03:00	Running	0	10	0	0	0	0	0	0	10	0	128238	3	0	0	0	0	0	10	10
2009-03-02 16:04:00	Running	0	10	0	0	0	0	0	0	10	0	129055	3	0	0	0	0	0	10	10
2009-03-02 16:05:00	Running	0	10	0	0	0	0	0	0	10	0	129114	3	0	1	0	0	0	9	10
2009-03-02 16:06:00	Running	0	10	0	0	0	0	0	0	10	0	129163	3	0	0	0	0	0	10	10
2009-03-02 16:07:00	Running	0	10	0	0	0	0	0	0	10	0	129219	3	0	1	0	0	0	9	10
2009-03-02 16:08:01	Running	0	10	0	0	0	0	0	0	10	0	129279	3	0	0	0	0	0	10	10
2009-03-02 16:09:01	Running	0	10	0	0	0	0	0	0	10	0	129315	3	0	0	0	0	0	10	10
2009-03-02 16:10:01	Running	0	10	0	0	0	0	0	0	10	0	130051	3	0	0	0	0	0	10	10
2009-03-02 16:11:01	Running	0	10	0	0	0	0	0	0	10	0	130086	3	0	0	0	0	0	10	10
2009-03-02 16:12:01	Running	0	10	0	0	0	0	0	0	10	0	130093	3	0	0	0	0	0	10	10
2009-03-02 16:13:02	Running	0	10	0	0	0	0	0	0	10	0	130149	3	0	0	0	0	0	10	10
2009-03-02 16:14:02	Running	0	10	0	0	0	0	0	0	10	0	130180	3	0	1	0	0	0	9	10
2009-03-02 16:15:02	Running	0	10	0	0	0	0	0	0	10	0	130237	3	0	1	0	0	0	9	10
2009-03-02 16:16:02	Running	0	10	0	0	0	0	0	0	10	0	130272	3	0	0	0	0	0	10	10
2009-03-02 16:17:02	Running	0	10	0	0	0	0	0	0	10	0	130302	3	0	0	0	0	0	10	10
2009-03-02 16:18:00	Running	0	10	0	0	0	0	0	0	10	0	130331	3	0	0	0	0	0	10	10
2009-03-02 16:19:00	Running	0	10	0	0	0	0	0	0	10	0	131056	3	0	0	0	0	0	10	10
2009-03-02 16:20:00	Running	0	10	0	0	0	0	0	0	10	0	131101	3	0	0	0	0	0	10	10
2009-03-02 16:21:00	Running	0	10	0	0	0	0	0	0	10	0	131162	3	0	0	0	0	0	10	10
2009-03-02 16:22:00	Running	0	10	0	0	0	0	0	0	10	0	131180	3	0	0	0	0	0	10	10
2009-03-02 16:23:01	Running	0	10	0	0	0	0	0	0	10	0	131226	3	0	0	0	0	0	10	10
2009-03-02 16:24:01	Running	0	10	0	0	0	0	0	0	10	0	131277	3	0	0	0	0	0	10	10
2009-03-02 16:25:01	Running	0	10	0	0	0	0	0	0	10	0	131311	3	0	0	0	0	0	10	10
2009-03-02 16:26:01	Running	0	10	0	0	0	0	0	0	10	0	132077	3	0	0	0	0	0	10	10
2009-03-02 16:27:01	Running	0	10	0	0	0	0	0	0	10	0	132176	3	0	0	0	0	0	10	10
2009-03-02 16:28:02	Running	0	10	0	0	0	0	0	0	10	0	132187	3	0	0	0	0	0	10	10
2009-03-02 16:29:02	Running	0	10	0	0	0	0	0	0	10	0	132258	3	0	0	0	0	0	10	10
2009-03-02 16:30:02	Running	0	10	0	0	0	0	0	0	10	0	132388	3	0	1	0	0	0	9	10
2009-03-02 16:31:02	Running	0	10	0	0	0	0	0	0	10	0	132462	3	0	0	0	0	0	10	10
2009-03-02 16:32:02	Running	0	10	0	0	0	0	0	0	10	0	132513	3	0	0	0	0	0	10	10
2009-03-02 16:33:00	Running	0	10	0	0	0	0	0	0	10	0	132569	3	0	0	0	0	0	10	10
2009-03-02 16:34:00	Running	0	10	0	0	0	0	0	0	10	0	132596	3	0	0	0	0	0	10	10
2009-03-02 16:35:00	Running	0	10	0	0	0	0	0	0	10	0	132629	3	0	0	0	0	0	10	10
2009-03-02 16:36:00	Running	0	10	0	0	0	0	0	0	10	0	132644	3	0	0	0	0	0	10	10
2009-03-02 16:37:00	Running	0	10	0	0	0	0	0	0	10	0	132671	3	0	0	0	0	0	10	10
2009-03-02 16:38:01	Running	0	10	0	0	0	0	0	0	10	0	132692	3	0	0	0	0	0	10	10
2009-03-02 16:39:01	Running	0	10	0	0	0	0	0	0	10	0	132720	3	0	0	0	0	0	10	10
2009-03-02 16:40:01	Running	0	10	0	0	0	0	0	0	10	0	132743	3	0	0	0	0	0	10	10
2009-03-02 16:41:01	Running	0	10	0	0	0	0	0	0	10	0	133492	3	0	0	0	0	0	10	10
2009-03-02 16:42:01	Running	0	10	0	0	0	0	0	0	10	0	133540	3	0	0	0	0	0	10	10
2009-03-02 16:43:02	Running	0	10	0	0	0	0	0	0	10	0	134259	3	0	0	0	0	0	10	10
2009-03-02 16:44:02	Running	0	10	0	0	0	0	0	0	10	0	134298	3	0	1	0	0	0	9	10
2009-03-02 16:45:02	Running	0	10	0	0	0	0	0	0	10	0	134352	3	0	0	0	0	0	10	10
2009-03-02 16:46:02	Running	0	10	0	0	0	0	0	0	10	0	134367	3	0	0	0	0	0	10	10
2009-03-02 16:47:02	Running	0	10	0	0	0	0	0	0	10	0	134391	3	0	0	0	0	0	10	10
2009-03-02 16:48:00	Running	0	10	0	0	0	0	0	0	10	0	134432	3	0	0	0	0	0	10	10
2009-03-02 16:49:00	Running	0	10	0	0	0	0	0	0	10	0	134466	3	0	0	0	0	0	10	10
2009-03-02 16:50:00	Running	0	10	0	0	0	0	0	0	10	0	134518	3	0	0	0	0	0	10	10
2009-03-02 16:51:00	Running	0	10	0	0	0	0	0	0	10	0	134579	3	0	0	0	0	0	10	10
2009-03-02 16:52:00	Running	0	10	0	0	0	0	0	0	10	0	134607	3	0	0	0	0	0	10	10
2009-03-02 16:53:01	Running	0	10	0	0	0	0	0	0	10	0	134640	3	0	0	0	0	0	10	10
2009-03-02 16:54:01	Running	0	10	0	0	0	0	0	0	10	0	134674	3	0	0	0	0	0	10	10
2009-03-02 16:55:01	Running	0	10	0	0	0	0	0	0	10	0	134696	3	0	0	0	0	0	10	10
2009-03-02 16:56:01	Running	0	10	0	0	0	0	0	0	10	0	134762	3	0	0	0	0	0	10	10
2009-03-02 16:57:01	Running	0	10	0	0	0	0	0	0	10	0	134792	3	0	0	0	0	0	10	10
2009-03-02 16:58:02	Running	0	10	0	0	0	0	0	0	10	0	134822	3	0	0	0	0	0	10	10
2009-03-02 16:59:02	Running	0	10	0	0	0	0	0	0	10	0	134862	3	0	0	0	0	0	10	10
2009-03-02 17:00:02	Running	0	10	0	0	0	0	0	0	10	0	134956	3	0	0	0	0	0	10	10
2009-03-02 17:01:02	Running	0	10	0	0	0	0	0	0	10	0	135071	3	0	0	0	0	0	10	10
2009-03-02 17:02:02	Running	0	10	0	0	0	0	0	0	10	0	135215	3	0	0	0	0	0	10	10
2009-03-02 17:03:00	Running	0	10	0	0	0	0	0	0	10	0	135321	3	0	0	0	0	0	10	10
2009-03-02 17:04:00	Running	0	10	0	0	0	0	0	0	10	0	135414	3	0	0	0	0	0	10	10
2009-03-02 17:05:00	Running	0	10	0	0	0	0	0	0	10	0	135508	3	0	0	0	0	0	10	10
2009-03-02 17:06:00	Running	0	10	0	0	0	0	0	0	10	0	135588	3	0	0	0	0	0	10	10
2009-03-02 17:07:01	Running	0	10	0	0	0	0	0	0	10	0	135698	3	0	0	0	0	0	10	10
2009-03-02 17:08:01	Running	0	10	0	0	0	0	0	0	10	0	135804	3	0	0	0	0	0	10	10
2009-03-02 17:09:01	Running	0	10	0	0	0	0	0	0	10	0	135820	3	0	0	0	0	0	10	10
2009-03-02 17:10:01	Running	0	10	0	0	0	0	0	0	10	0	135849	3	0	0	0	0	0	10	10
2009-03-02 17:11:01	Running	0	10	0	0	0	0	0	0	10	0	135869	3	0	0	0	0	0	10	10
2009-03-02 17:12:02	Running	0	10	0	0	0	0	0	0	10	0	135880	3	0	0	0	0	0	10	10
2009-03-02 17:13:02	Running	0	10	0	0	0	0	0	0	10	0	135893	3	0	0	0	0	0	10	10
2009-03-02 17:14:02	Running	0	10	0	0	0	0	0	0	10	0	135927	3	0	0	0	0	0	10	10
2009-03-02 17:15:02	Running	0	10	0	0	0	0	0	0	10	0	135949	3	0	0	0	0	0	10	10
2009-03-02 17:16:02	Running	0	10	0	0	0	0	0	0	10	0	135971	3	0	0	0	0	0	10	10
2009-03-02 17:17:00	Running	0	10	0	0	0	0	0	0	10	0	135972	3	0	0	0	0	0	10	10
2009-03-02 17:18:00	Running	0	10	0	0	0	0	0	0	10	0	135978	3	0	0	0	0	0	10	10
2009-03-02 17:19:00	Running	0	10	0	0	0	0	0	0	10	0	136658	3	0	0	0	0	0	10	10
2009-03-02 17:20:00	Running	0	10	0	0	0	0	0	0	10	0	136680	3	0	0	0	0	0	10	10
2009-03-02 17:21:00	Running	0	10	0	0	0	0	0	0	10	0	136687	3	0	0	0	0	0	10	10
2009-03-02 17:22:01	Running	0	10	0	0	0	0	0	0	10	0	136718	3	0	0	0	0	0	10	10
2009-03-02 17:23:01	Running	0	10	0	0	0	0	0	0	10	0	136749	3	0	0	0	0	0	10	10
2009-03-02 17:24:01	Running	0	10	0	0	0	0	0	0	10	0	136770	3	0	0	0	0	0	10	10
2009-03-02 17:25:01	Running	0	10	0	0	0	0	0	0	10	0	136794	3	0	0	0	0	0	10	10
2009-03-02 17:26:01	Running	0	10	0	0	0	0	0	0	10	0	136810	3	0	0	0	0	0	10	10
2009-03-02 17:27:02	Running	0	10	0	0	0	0	0	0	10	0	136816	3	0	0	0	0	0	10	10
2009-03-02 17:28:02	Running	0	10	0	0	0	0	0	0	10	0	137521	3	0	0	0	0	0	10	10
2009-03-02 17:29:02	Running	0	10	0	0	0	0	0	0	10	0	137537	3	0	0	0	0	0	10	10
2009-03-02 17:30:02	Running	0	10	0	0	0	0	0	0	10	0	137543	3	0	0	0	0	0	10	10
2009-03-02 17:31:02	Running	0	10	0	0	0	0	0	0	10	0	137552	3	0	0	0	0	0	10	10
2009-03-02 17:32:00	Running	0	10	0	0	0	0	0	0	10	0	137596	3	0	0	0	0	0	10	10
2009-03-02 17:33:00	Running	0	10	0	0	0	0	0	0	10	0	137601	3	0	0	0	0	0	10	10
2009-03-02 17:34:00	Running	0	10	0	0	0	0	0	0	10	0	137605	3	0	0	0	0	0	10	10
2009-03-02 17:35:00	Running	0	10	0	0	0	0	0	0	10	0	137605	3	0	0	0	0	0	10	10
2009-03-02 17:36:00	Running	0	10	0	0	0	0	0	0	10	0	137618	3	0	0	0	0	0	10	10
2009-03-02 17:37:01	Running	0	10	0	0	0	0	0	0	10	0	137625	3	0	0	0	0	0	10	10
2009-03-02 17:38:01	Running	0	10	0	0	0	0	0	0	10	0	137626	3	0	0	0	0	0	10	10
2009-03-02 17:39:01	Running	0	10	0	0	0	0	0	0	10	0	137634	3	0	0	0	0	0	10	10
2009-03-02 17:40:01	Running	0	10	0	0	0	0	0	0	10	0	137635	3	0	0	0	0	0	10	10
2009-03-02 17:41:01	Running	0	10	0	0	0	0	0	0	10	0	137635	3	0	0	0	0	0	10	10
2009-03-02 17:42:02	Running	0	10	0	0	0	0	0	0	10	0	137642	3	0	0	0	0	0	10	10
2009-03-02 17:43:02	Running	0	10	0	0	0	0	0	0	10	0	137648	3	0	0	0	0	0	10	10
2009-03-02 17:44:02	Running	0	10	0	0	0	0	0	0	10	0	137649	3	0	0	0	0	0	10	10
2009-03-02 17:45:02	Running	0	10	0	0	0	0	0	0	10	0	137665	3	0	0	0	0	0	10	10
2009-03-02 17:46:02	Running	0	10	0	0	0	0	0	0	10	0	137673	3	0	0	0	0	0	10	10
2009-03-02 17:47:00	Running	0	10	0	0	0	0	0	0	10	0	137687	3	0	0	0	0	0	10	10
2009-03-02 17:48:00	Running	0	10	0	0	0	0	0	0	10	0	137704	3	0	0	0	0	0	10	10
2009-03-02 17:49:00	Running	0	10	0	0	0	0	0	0	10	0	137716	3	0	0	0	0	0	10	10
2009-03-02 17:50:00	Running	0	10	0	0	0	0	0	0	10	0	137728	3	0	0	0	0	0	10	10
2009-03-02 17:51:00	Running	0	10	0	0	0	0	0	0	10	0	137758	3	0	1	0	0	0	9	10
2009-03-02 17:52:01	Running	0	10	0	0	0	0	0	0	10	0	137778	3	0	0	0	0	0	10	10
2009-03-02 17:53:01	Running	0	10	0	0	0	0	0	0	10	0	137794	3	0	0	0	0	0	10	10
2009-03-02 17:54:01	Running	0	10	0	0	0	0	0	0	10	0	138510	3	0	0	0	0	0	10	10
2009-03-02 17:55:01	Running	0	10	0	0	0	0	0	0	10	0	138518	3	0	0	0	0	0	10	10
2009-03-02 17:56:01	Running	0	10	0	0	0	0	0	0	10	0	138520	3	0	0	0	0	0	10	10
2009-03-02 17:57:02	Running	0	10	0	0	0	0	0	0	10	0	138524	3	0	0	0	0	0	10	10
2009-03-02 17:58:02	Running	0	10	0	0	0	0	0	0	10	0	138542	3	0	0	0	0	0	10	10
2009-03-02 17:59:02	Running	0	10	0	0	0	0	0	0	10	0	138547	3	0	0	0	0	0	10	10
2009-03-02 18:00:02	Running	0	10	0	0	0	0	0	0	10	0	138583	3	0	0	0	0	0	10	10
2009-03-02 18:01:02	Running	0	10	0	0	0	0	0	0	10	0	138586	3	0	0	0	0	0	10	10
2009-03-02 18:02:00	Running	0	10	0	0	0	0	0	0	10	0	138588	3	0	0	0	0	0	10	10
2009-03-02 18:03:00	Running	0	10	0	0	0	0	0	0	10	0	138592	3	0	0	0	0	0	10	10
2009-03-02 18:04:00	Running	0	10	0	0	0	0	0	0	10	0	138603	3	0	0	0	0	0	10	10
2009-03-02 18:05:00	Running	0	10	0	0	0	0	0	0	10	0	139312	3	0	0	0	0	0	10	10
2009-03-02 18:06:00	Running	0	10	0	0	0	0	0	0	10	0	139411	3	0	0	0	0	0	10	10
2009-03-02 18:07:01	Running	0	10	0	0	0	0	0	0	10	0	139413	3	0	0	0	0	0	10	10
2009-03-02 18:08:01	Running	0	10	0	0	0	0	0	0	10	0	139421	3	0	0	0	0	0	10	10
2009-03-02 18:09:01	Running	0	10	0	0	0	0	0	0	10	0	139422	3	0	0	0	0	0	10	10
2009-03-02 18:10:01	Running	0	10	0	0	0	0	0	0	10	0	139446	3	0	0	0	0	0	10	10
2009-03-02 18:11:01	Running	0	10	0	0	0	0	0	0	10	0	139456	3	0	0	0	0	0	10	10
2009-03-02 18:12:02	Running	0	10	0	0	0	0	0	0	10	0	139464	3	0	0	0	0	0	10	10
2009-03-02 18:13:02	Running	0	10	0	0	0	0	0	0	10	0	139466	3	0	0	0	0	0	10	10
2009-03-02 18:14:02	Running	0	10	0	0	0	0	0	0	10	0	139467	3	0	0	0	0	0	10	10
2009-03-02 18:15:02	Running	0	10	0	0	0	0	0	0	10	0	139468	3	0	0	0	0	0	10	10
2009-03-02 18:16:02	Running	0	10	0	0	0	0	0	0	10	0	139483	3	0	0	0	0	0	10	10
2009-03-02 18:17:00	Running	0	10	0	0	0	0	0	0	10	0	139500	3	0	0	0	0	0	10	10
2009-03-02 18:18:00	Running	0	10	0	0	0	0	0	0	10	0	139519	3	0	0	0	0	0	10	10
2009-03-02 18:19:00	Running	0	10	0	0	0	0	0	0	10	0	139520	3	0	0	0	0	0	10	10
2009-03-02 18:20:00	Running	0	10	0	0	0	0	0	0	10	0	139522	3	0	0	0	0	0	10	10
2009-03-02 18:21:00	Running	0	10	0	0	0	0	0	0	10	0	139530	3	0	0	0	0	0	10	10
2009-03-02 18:22:01	Running	0	10	0	0	0	0	0	0	10	0	139531	3	0	0	0	0	0	10	10
2009-03-02 18:23:01	Running	0	10	0	0	0	0	0	0	10	0	139540	3	0	0	0	0	0	10	10
2009-03-02 18:24:01	Running	0	10	0	0	0	0	0	0	10	0	139551	3	0	0	0	0	0	10	10
2009-03-02 18:25:01	Running	0	10	0	0	0	0	0	0	10	0	139556	3	0	0	0	0	0	10	10
2009-03-02 18:26:01	Running	0	10	0	0	0	0	0	0	10	0	139571	3	0	0	0	0	0	10	10
2009-03-02 18:27:02	Running	0	10	0	0	0	0	0	0	10	0	139571	3	0	0	0	0	0	10	10
2009-03-02 18:28:02	Running	0	10	0	0	0	0	0	0	10	0	139602	3	0	0	0	0	0	10	10
2009-03-02 18:29:02	Running	0	10	0	0	0	0	0	0	10	0	139602	3	0	0	0	0	0	10	10
2009-03-02 18:30:02	Running	0	10	0	0	0	0	0	0	10	0	139608	3	0	0	0	0	0	10	10
2009-03-02 18:31:02	Running	0	10	0	0	0	0	0	0	10	0	139608	3	0	0	0	0	0	10	10
2009-03-02 18:32:03	Running	0	10	0	0	0	0	0	0	10	0	139621	3	0	0	0	0	0	10	10
2009-03-02 18:33:00	Running	0	10	0	0	0	0	0	0	10	0	139625	3	0	0	0	0	0	10	10
2009-03-02 18:34:00	Running	0	10	0	0	0	0	0	0	10	0	139634	3	0	0	0	0	0	10	10
2009-03-02 18:35:00	Running	0	10	0	0	0	0	0	0	10	0	139646	3	0	0	0	0	0	10	10
2009-03-02 18:36:00	Running	0	10	0	0	0	0	0	0	10	0	139727	3	0	0	0	0	0	10	10
2009-03-02 18:37:00	Running	0	10	0	0	0	0	0	0	10	0	139729	3	0	0	0	0	0	10	10
2009-03-02 18:38:01	Running	0	10	0	0	0	0	0	0	10	0	140442	3	0	0	0	0	0	10	10
2009-03-02 18:39:01	Running	0	10	0	0	0	0	0	0	10	0	140447	3	0	0	0	0	0	10	10
2009-03-02 18:40:01	Running	0	10	0	0	0	0	0	0	10	0	140448	3	0	0	0	0	0	10	10
2009-03-02 18:41:01	Running	0	10	0	0	0	0	0	0	10	0	140458	3	0	0	0	0	0	10	10
2009-03-02 18:42:01	Running	0	10	0	0	0	0	0	0	10	0	140480	3	0	0	0	0	0	10	10
2009-03-02 18:43:02	Running	0	10	0	0	0	0	0	0	10	0	140480	3	0	0	0	0	0	10	10
2009-03-02 18:44:02	Running	0	10	0	0	0	0	0	0	10	0	140486	3	0	0	0	0	0	10	10
2009-03-02 18:45:02	Running	0	10	0	0	0	0	0	0	10	0	140499	3	0	0	0	0	0	10	10
2009-03-02 18:46:02	Running	0	10	0	0	0	0	0	0	10	0	140509	3	0	0	0	0	0	10	10
2009-03-02 18:47:02	Running	0	10	0	0	0	0	0	0	10	0	140509	3	0	0	0	0	0	10	10
2009-03-02 18:48:00	Running	0	10	0	0	0	0	0	0	10	0	140510	3	0	0	0	0	0	10	10
2009-03-02 18:49:00	Running	0	10	0	0	0	0	0	0	10	0	140510	3	0	0	0	0	0	10	10
2009-03-02 18:50:00	Running	0	10	0	0	0	0	0	0	10	0	140512	3	0	0	0	0	0	10	10
2009-03-02 18:51:00	Running	0	10	0	0	0	0	0	0	10	0	140513	3	0	0	0	0	0	10	10
2009-03-02 18:52:00	Running	0	10	0	0	0	0	0	0	10	0	140514	3	0	0	0	0	0	10	10
2009-03-02 18:53:01	Running	0	10	0	0	0	0	0	0	10	0	140514	3	0	0	0	0	0	10	10
2009-03-02 18:54:01	Running	0	10	0	0	0	0	0	0	10	0	140515	3	0	0	0	0	0	10	10
2009-03-02 18:55:01	Running	0	10	0	0	0	0	0	0	10	0	140515	3	0	0	0	0	0	10	10
2009-03-02 18:56:01	Running	0	10	0	0	0	0	0	0	10	0	140516	3	0	0	0	0	0	10	10
2009-03-02 18:57:01	Running	0	10	0	0	0	0	0	0	10	0	140516	3	0	0	0	0	0	10	10
2009-03-02 18:58:02	Running	0	10	0	0	0	0	0	0	10	0	140517	3	0	0	0	0	0	10	10
2009-03-02 18:59:02	Running	0	10	0	0	0	0	0	0	10	0	140517	3	0	0	0	0	0	10	10
2009-03-02 19:00:02	Running	0	10	0	0	0	0	0	0	10	0	140518	3	0	0	0	0	0	10	10
2009-03-02 19:01:02	Running	0	10	0	0	0	0	0	0	10	0	141232	3	0	0	0	0	0	10	10
2009-03-02 19:02:02	Running	0	10	0	0	0	0	0	0	10	0	141240	3	0	0	0	0	0	10	10
2009-03-02 19:03:00	Running	0	10	0	0	0	0	0	0	10	0	141244	3	0	0	0	0	0	10	10
2009-03-02 19:04:00	Running	0	10	0	0	0	0	0	0	10	0	141249	3	0	0	0	0	0	10	10
2009-03-02 19:05:00	Running	0	10	0	0	0	0	0	0	10	0	141255	3	0	0	0	0	0	10	10
2009-03-02 19:06:00	Running	0	10	0	0	0	0	0	0	10	0	141278	3	0	0	0	0	0	10	10
2009-03-02 19:07:00	Running	0	10	0	0	0	0	0	0	10	0	141286	3	0	0	0	0	0	10	10
2009-03-02 19:08:01	Running	0	10	0	0	0	0	0	0	10	0	141304	3	0	1	0	0	0	9	10
2009-03-02 19:09:01	Running	0	10	0	0	0	0	0	0	10	0	141316	3	0	0	0	0	0	10	10
2009-03-02 19:10:01	Running	0	10	0	0	0	0	0	0	10	0	141320	3	0	0	0	0	0	10	10
2009-03-02 19:11:01	Running	0	10	0	0	0	0	0	0	10	0	141325	3	0	0	0	0	0	10	10
2009-03-02 19:12:01	Running	0	10	0	0	0	0	0	0	10	0	141331	3	0	0	0	0	0	10	10
2009-03-02 19:13:02	Running	0	10	0	0	0	0	0	0	10	0	141336	3	0	0	0	0	0	10	10
2009-03-02 19:14:02	Running	0	10	0	0	0	0	0	0	10	0	141336	3	0	0	0	0	0	10	10
2009-03-02 19:15:02	Running	0	10	0	0	0	0	0	0	10	0	141336	3	0	0	0	0	0	10	10
2009-03-02 19:16:02	Running	0	10	0	0	0	0	0	0	10	0	141336	3	0	0	0	0	0	10	10
2009-03-02 19:17:02	Running	0	10	0	0	0	0	0	0	10	0	141341	3	0	0	0	0	0	10	10
2009-03-02 19:18:00	Running	0	10	0	0	0	0	0	0	10	0	141341	3	0	0	0	0	0	10	10
2009-03-02 19:19:00	Running	0	10	0	0	0	0	0	0	10	0	141346	3	0	0	0	0	0	10	10
2009-03-02 19:20:00	Running	0	10	0	0	0	0	0	0	10	0	141350	3	0	0	0	0	0	10	10
2009-03-02 19:21:00	Running	0	10	0	0	0	0	0	0	10	0	141360	3	0	0	0	0	0	10	10
2009-03-02 19:22:00	Running	0	10	0	0	0	0	0	0	10	0	141430	3	0	0	0	0	0	10	10
2009-03-02 19:23:01	Running	0	10	0	0	0	0	0	0	10	0	141430	3	0	0	0	0	0	10	10
2009-03-02 19:24:01	Running	0	10	0	0	0	0	0	0	10	0	141430	3	0	0	0	0	0	10	10
2009-03-02 19:25:01	Running	0	10	0	0	0	0	0	0	10	0	141439	3	0	0	0	0	0	10	10
2009-03-02 19:26:01	Running	0	10	0	0	0	0	0	0	10	0	141439	3	0	0	0	0	0	10	10
2009-03-02 19:27:01	Running	0	10	0	0	0	0	0	0	10	0	141449	3	0	0	0	0	0	10	10
2009-03-02 19:28:02	Running	0	10	0	0	0	0	0	0	10	0	141449	3	0	0	0	0	0	10	10
2009-03-02 19:29:02	Running	0	10	0	0	0	0	0	0	10	0	141450	3	0	0	0	0	0	10	10
2009-03-02 19:30:02	Running	0	10	0	0	0	0	0	0	10	0	141455	3	0	0	0	0	0	10	10
2009-03-02 19:31:02	Running	0	10	0	0	0	0	0	0	10	0	141465	3	0	0	0	0	0	10	10
2009-03-02 19:32:02	Running	0	10	0	0	0	0	0	0	10	0	141465	3	0	0	0	0	0	10	10
2009-03-02 19:33:00	Running	0	10	0	0	0	0	0	0	10	0	141505	3	0	0	0	0	0	10	10
2009-03-02 19:34:00	Running	0	10	0	0	0	0	0	0	10	0	141538	3	0	0	0	0	0	10	10
2009-03-02 19:35:00	Running	0	10	0	0	0	0	0	0	10	0	141543	3	0	0	0	0	0	10	10
2009-03-02 19:36:00	Running	0	10	0	0	0	0	0	0	10	0	141548	3	0	0	0	0	0	10	10
2009-03-02 19:37:00	Running	0	10	0	0	0	0	0	0	10	0	141548	3	0	0	0	0	0	10	10
2009-03-02 19:38:01	Running	0	10	0	0	0	0	0	0	10	0	141563	3	0	0	0	0	0	10	10
2009-03-02 19:39:01	Running	0	10	0	0	0	0	0	0	10	0	141563	3	0	0	0	0	0	10	10
2009-03-02 19:40:01	Running	0	10	0	0	0	0	0	0	10	0	141563	3	0	0	0	0	0	10	10
2009-03-02 19:41:01	Running	0	10	0	0	0	0	0	0	10	0	141565	3	0	0	0	0	0	10	10
2009-03-02 19:42:01	Running	0	10	0	0	0	0	0	0	10	0	141568	3	0	0	0	0	0	10	10
2009-03-02 19:43:02	Running	0	10	0	0	0	0	0	0	10	0	141569	3	0	0	0	0	0	10	10
2009-03-02 19:44:02	Running	0	10	0	0	0	0	0	0	10	0	141578	3	0	0	0	0	0	10	10
2009-03-02 19:45:02	Running	0	10	0	0	0	0	0	0	10	0	141578	3	0	0	0	0	0	10	10
2009-03-02 19:46:02	Running	0	10	0	0	0	0	0	0	10	0	141578	3	0	0	0	0	0	10	10
2009-03-02 19:47:02	Running	0	10	0	0	0	0	0	0	10	0	141598	3	0	0	0	0	0	10	10
2009-03-02 19:48:00	Running	0	10	0	0	0	0	0	0	10	0	141598	3	0	0	0	0	0	10	10
2009-03-02 19:49:00	Running	0	10	0	0	0	0	0	0	10	0	141598	3	0	0	0	0	0	10	10
2009-03-02 19:50:00	Running	0	10	0	0	0	0	0	0	10	0	141605	3	0	0	0	0	0	10	10
2009-03-02 19:51:00	Running	0	10	0	0	0	0	0	0	10	0	141630	3	0	0	0	0	0	10	10
2009-03-02 19:52:00	Running	0	10	0	0	0	0	0	0	10	0	141648	3	0	0	0	0	0	10	10
2009-03-02 19:53:01	Running	0	10	0	0	0	0	0	0	10	0	141648	3	0	0	0	0	0	10	10
2009-03-02 19:54:01	Running	0	10	0	0	0	0	0	0	10	0	142349	3	0	0	0	0	0	10	10
2009-03-02 19:55:01	Running	0	10	0	0	0	0	0	0	10	0	143050	3	0	0	0	0	0	10	10
2009-03-02 19:56:01	Running	0	10	0	0	0	0	0	0	10	0	143050	3	0	0	0	0	0	10	10
2009-03-02 19:57:01	Running	0	10	0	0	0	0	0	0	10	0	143050	3	0	0	0	0	0	10	10
2009-03-02 19:58:02	Running	0	10	0	0	0	0	0	0	10	0	143753	3	0	0	0	0	0	10	10
2009-03-02 19:59:02	Running	0	10	0	0	0	0	0	0	10	0	143779	3	0	0	0	0	0	10	10
2009-03-02 20:00:02	Running	0	10	0	0	0	0	0	0	10	0	143784	3	0	0	0	0	0	10	10
2009-03-02 20:01:02	Running	0	10	0	0	0	0	0	0	10	0	143784	3	0	0	0	0	0	10	10
2009-03-02 20:02:02	Running	0	10	0	0	0	0	0	0	10	0	143797	3	0	0	0	0	0	10	10
2009-03-02 20:03:00	Running	0	10	0	0	0	0	0	0	10	0	143814	3	0	0	0	0	0	10	10
2009-03-02 20:04:00	Running	0	10	0	0	0	0	0	0	10	0	143838	3	0	0	0	0	0	10	10
2009-03-02 20:05:00	Running	0	10	0	0	0	0	0	0	10	0	143846	3	0	0	0	0	0	10	10
2009-03-02 20:06:00	Running	0	10	0	0	0	0	0	0	10	0	143854	3	0	0	0	0	0	10	10
2009-03-02 20:07:00	Running	0	10	0	0	0	0	0	0	10	0	143868	3	0	0	0	0	0	10	10
2009-03-02 20:08:01	Running	0	10	0	0	0	0	0	0	10	0	143889	3	0	0	0	0	0	10	10
2009-03-02 20:09:01	Running	0	10	0	0	0	0	0	0	10	0	143907	3	0	0	0	0	0	10	10
2009-03-02 20:10:01	Running	0	10	0	0	0	0	0	0	10	0	144629	3	0	0	0	0	0	10	10
2009-03-02 20:11:01	Running	0	10	0	0	0	0	0	0	10	0	144658	3	0	0	0	0	0	10	10
2009-03-02 20:12:01	Running	0	10	0	0	0	0	0	0	10	0	144684	3	0	0	0	0	0	10	10
2009-03-02 20:13:02	Running	0	10	0	0	0	0	0	0	10	0	144729	3	0	0	0	0	0	10	10
2009-03-02 20:14:02	Running	0	10	0	0	0	0	0	0	10	0	144769	3	0	0	0	0	0	10	10
2009-03-02 20:15:02	Running	0	10	0	0	0	0	0	0	10	0	144769	3	0	0	0	0	0	10	10
2009-03-02 20:16:02	Running	0	10	0	0	0	0	0	0	10	0	144769	3	0	0	0	0	0	10	10
2009-03-02 20:17:02	Running	0	10	0	0	0	0	0	0	10	0	145480	3	0	0	0	0	0	10	10
2009-03-02 20:18:00	Running	0	10	0	0	0	0	0	0	10	0	145497	3	0	0	0	0	0	10	10
2009-03-02 20:19:00	Running	0	10	0	0	0	0	0	0	10	0	145507	3	0	0	0	0	0	10	10
2009-03-02 20:20:00	Running	0	10	0	0	0	0	0	0	10	0	145519	3	0	0	0	0	0	10	10
2009-03-02 20:21:00	Running	0	10	0	0	0	0	0	0	10	0	145569	3	0	0	0	0	0	10	10
2009-03-02 20:22:00	Running	0	10	0	0	0	0	0	0	10	0	145583	3	0	0	0	0	0	10	10
2009-03-02 20:23:01	Running	0	10	0	0	0	0	0	0	10	0	145583	3	0	0	0	0	0	10	10
2009-03-02 20:24:01	Running	0	10	0	0	0	0	0	0	10	0	145588	3	0	0	0	0	0	10	10
2009-03-02 20:25:01	Running	0	10	0	0	0	0	0	0	10	0	145594	3	0	0	0	0	0	10	10
2009-03-02 20:26:01	Running	0	10	0	0	0	0	0	0	10	0	145609	3	0	0	0	0	0	10	10
2009-03-02 20:27:01	Running	0	10	0	0	0	0	0	0	10	0	145617	3	0	0	0	0	0	10	10
2009-03-02 20:28:02	Running	0	10	0	0	0	0	0	0	10	0	145633	3	0	0	0	0	0	10	10
2009-03-02 20:29:02	Running	0	10	0	0	0	0	0	0	10	0	145637	3	0	0	0	0	0	10	10
2009-03-02 20:30:02	Running	0	10	0	0	0	0	0	0	10	0	145643	3	0	0	0	0	0	10	10
2009-03-02 20:31:02	Running	0	10	0	0	0	0	0	0	10	0	145643	3	0	0	0	0	0	10	10
2009-03-02 20:32:02	Running	0	10	0	0	0	0	0	0	10	0	145648	3	0	0	0	0	0	10	10
2009-03-02 20:33:00	Running	0	10	0	0	0	0	0	0	10	0	145658	3	0	0	0	0	0	10	10
2009-03-02 20:34:00	Running	0	10	0	0	0	0	0	0	10	0	145663	3	0	0	0	0	0	10	10
2009-03-02 20:35:00	Running	0	10	0	0	0	0	0	0	10	0	145668	3	0	0	0	0	0	10	10
2009-03-02 20:36:00	Running	0	10	0	0	0	0	0	0	10	0	145678	3	0	0	0	0	0	10	10
2009-03-02 20:37:00	Running	0	10	0	0	0	0	0	0	10	0	146385	3	0	0	0	0	0	10	10
2009-03-02 20:38:01	Running	0	10	0	0	0	0	0	0	10	0	146395	3	0	0	0	0	0	10	10
2009-03-02 20:39:01	Running	0	10	0	0	0	0	0	0	10	0	146406	3	0	0	0	0	0	10	10
2009-03-02 20:40:01	Running	0	10	0	0	0	0	0	0	10	0	146411	3	0	0	0	0	0	10	10
2009-03-02 20:41:01	Running	0	10	0	0	0	0	0	0	10	0	146420	3	0	0	0	0	0	10	10
2009-03-02 20:42:01	Running	0	10	0	0	0	0	0	0	10	0	146430	3	0	0	0	0	0	10	10
2009-03-02 20:43:02	Running	0	10	0	0	0	0	0	0	10	0	146431	3	0	0	0	0	0	10	10
2009-03-02 20:44:02	Running	0	10	0	0	0	0	0	0	10	0	146446	3	0	0	0	0	0	10	10
2009-03-02 20:45:02	Running	0	10	0	0	0	0	0	0	10	0	146457	3	0	0	0	0	0	10	10
2009-03-02 20:46:02	Running	0	10	0	0	0	0	0	0	10	0	146467	3	0	0	0	0	0	10	10
2009-03-02 20:47:02	Running	0	10	0	0	0	0	0	0	10	0	146488	3	0	0	0	0	0	10	10
2009-03-02 20:48:00	Running	0	10	0	0	0	0	0	0	10	0	146503	3	0	0	0	0	0	10	10
2009-03-02 20:49:00	Running	0	10	0	0	0	0	0	0	10	0	146519	3	0	0	0	0	0	10	10
2009-03-02 20:50:00	Running	0	10	0	0	0	0	0	0	10	0	146527	3	0	0	0	0	0	10	10
2009-03-02 20:51:00	Running	0	10	0	0	0	0	0	0	10	0	146538	3	0	0	0	0	0	10	10
2009-03-02 20:52:00	Running	0	10	0	0	0	0	0	0	10	0	146548	3	0	0	0	0	0	10	10
2009-03-02 20:53:01	Running	0	10	0	0	0	0	0	0	10	0	146562	3	0	0	0	0	0	10	10
2009-03-02 20:54:01	Running	0	10	0	0	0	0	0	0	10	0	146582	3	0	0	0	0	0	10	10
2009-03-02 20:55:01	Running	0	10	0	0	0	0	0	0	10	0	146603	3	0	0	0	0	0	10	10
2009-03-02 20:56:01	Running	0	10	0	0	0	0	0	0	10	0	146618	3	0	0	0	0	0	10	10
2009-03-02 20:57:01	Running	0	10	0	0	0	0	0	0	10	0	146624	3	0	0	0	0	0	10	10
2009-03-02 20:58:02	Running	0	10	0	0	0	0	0	0	10	0	146639	3	0	0	0	0	0	10	10
2009-03-02 20:59:02	Running	0	10	0	0	0	0	0	0	10	0	146660	3	0	0	0	0	0	10	10
2009-03-02 21:00:02	Running	0	10	0	0	0	0	0	0	10	0	146665	3	0	0	0	0	0	10	10
2009-03-02 21:01:02	Running	0	10	0	0	0	0	0	0	10	0	146666	3	0	0	0	0	0	10	10
2009-03-02 21:02:02	Running	0	10	0	0	0	0	0	0	10	0	146666	3	0	0	0	0	0	10	10
2009-03-02 21:03:00	Running	0	10	0	0	0	0	0	0	10	0	146669	3	0	0	0	0	0	10	10
2009-03-02 21:04:00	Running	0	10	0	0	0	0	0	0	10	0	146669	3	0	0	0	0	0	10	10
2009-03-02 21:05:00	Running	0	10	0	0	0	0	0	0	10	0	146670	3	0	0	0	0	0	10	10
2009-03-02 21:06:00	Running	0	10	0	0	0	0	0	0	10	0	146670	3	0	0	0	0	0	10	10
2009-03-02 21:07:00	Running	0	10	0	0	0	0	0	0	10	0	146671	3	0	0	0	0	0	10	10
2009-03-02 21:08:01	Running	0	10	0	0	0	0	0	0	10	0	146671	3	0	0	0	0	0	10	10
2009-03-02 21:09:01	Running	0	10	0	0	0	0	0	0	10	0	146672	3	0	0	0	0	0	10	10
2009-03-02 21:10:01	Running	0	10	0	0	0	0	0	0	10	0	147374	3	0	0	0	0	0	10	10
2009-03-02 21:11:01	Running	0	10	0	0	0	0	0	0	10	0	147375	3	0	0	0	0	0	10	10
2009-03-02 21:12:01	Running	0	10	0	0	0	0	0	0	10	0	147376	3	0	0	0	0	0	10	10
2009-03-02 21:13:02	Running	0	10	0	0	0	0	0	0	10	0	147377	3	0	0	0	0	0	10	10
2009-03-02 21:14:02	Running	0	10	0	0	0	0	0	0	10	0	147379	3	0	0	0	0	0	10	10
2009-03-02 21:15:02	Running	0	10	0	0	0	0	0	0	10	0	147380	3	0	0	0	0	0	10	10
2009-03-02 21:16:02	Running	0	10	0	0	0	0	0	0	10	0	147381	3	0	0	0	0	0	10	10
2009-03-02 21:17:02	Running	0	10	0	0	0	0	0	0	10	0	147382	3	0	0	0	0	0	10	10
2009-03-02 21:18:00	Running	0	10	0	0	0	0	0	0	10	0	147383	3	0	0	0	0	0	10	10
2009-03-02 21:19:00	Running	0	10	0	0	0	0	0	0	10	0	147385	3	0	0	0	0	0	10	10
2009-03-02 21:20:00	Running	0	10	0	0	0	0	0	0	10	0	147385	3	0	0	0	0	0	10	10
2009-03-02 21:21:00	Running	0	10	0	0	0	0	0	0	10	0	147387	3	0	0	0	0	0	10	10
2009-03-02 21:22:00	Running	0	10	0	0	0	0	0	0	10	0	147388	3	0	0	0	0	0	10	10
2009-03-02 21:23:01	Running	0	10	0	0	0	0	0	0	10	0	147393	3	0	0	0	0	0	10	10
2009-03-02 21:24:01	Running	0	10	0	0	0	0	0	0	10	0	147394	3	0	0	0	0	0	10	10
2009-03-02 21:25:01	Running	0	10	0	0	0	0	0	0	10	0	147398	3	0	0	0	0	0	10	10
2009-03-02 21:26:01	Running	0	10	0	0	0	0	0	0	10	0	147400	3	0	0	0	0	0	10	10
2009-03-02 21:27:01	Running	0	10	0	0	0	0	0	0	10	0	147402	3	0	0	0	0	0	10	10
2009-03-02 21:28:02	Running	0	10	0	0	0	0	0	0	10	0	147402	3	0	0	0	0	0	10	10
2009-03-02 21:29:02	Running	0	10	0	0	0	0	0	0	10	0	147404	3	0	0	0	0	0	10	10
2009-03-02 21:30:02	Running	0	10	0	0	0	0	0	0	10	0	147405	3	0	0	0	0	0	10	10
2009-03-02 21:31:02	Running	0	10	0	0	0	0	0	0	10	0	147407	3	0	0	0	0	0	10	10
2009-03-02 21:32:02	Running	0	10	0	0	0	0	0	0	10	0	147407	3	0	0	0	0	0	10	10
2009-03-02 21:33:00	Running	0	10	0	0	0	0	0	0	10	0	147409	3	0	0	0	0	0	10	10
2009-03-02 21:34:00	Running	0	10	0	0	0	0	0	0	10	0	147410	3	0	0	0	0	0	10	10
